
0.009201415000006818	0.0
0.012693308999928377	0.03333333333333333
0.020727062999981172	0.06666666666666667
0.2335363419999794	0.1
0.23448008399998344	0.13333333333333333
0.23606147899999996	0.16666666666666666
0.23914388799994413	0.2
0.2673938639999278	0.23333333333333334
0.2706091009999909	0.26666666666666666
0.2711278699999866	0.3
0.2740603329999658	0.3333333333333333
0.2802306169999156	0.36666666666666664
0.42229569199992056	0.4
0.42296460000000025	0.43333333333333335
0.4242669239999941	0.4666666666666667
0.44653796000000057	0.5
0.5127904309999849	0.5333333333333333
0.5349822279999898	0.5666666666666667
0.5394449539999187	0.6
0.7060491999999385	0.6333333333333333
0.7144647629999099	0.6666666666666666
0.7152548509999406	0.7
0.7227064569999584	0.7333333333333333
0.7311793609999313	0.7666666666666667
0.7391117799999165	0.8
0.7466423239999358	0.8333333333333334
0.7676536249999799	0.8666666666666667
0.775801701999967	0.9
0.7773552400000199	0.9333333333333333
0.7824179689999937	0.9666666666666667
0.7848984080000037	1.0
0.7877012989999912	1.0333333333333334
0.7895180769999115	1.0666666666666667
0.7901815359999773	1.1
0.7918592089999947	1.1333333333333333
0.792316193999909	1.1666666666666667
0.7926883369999587	1.2
0.7978441319999092	1.2333333333333334
0.8107460369999444	1.2666666666666666
0.812028975999965	1.3
0.8356912939999575	1.3333333333333333
0.8413448219999964	1.3666666666666667
0.8496796309999581	1.4
0.8661537169999747	1.4333333333333333
0.8691639069999155	1.4666666666666666
0.8695949329999166	1.5
0.874834533000012	1.5333333333333334
0.8932588799999621	1.5666666666666667
1.0660694599999943	1.6
1.0708163489999833	1.6333333333333333
1.0715292669999599	1.6666666666666667
1.0743881479999118	1.7
1.075909501999945	1.7333333333333334
1.0789865880000207	1.7666666666666666
1.1061978049999652	1.8
1.1071277029999465	1.8333333333333333
1.1135850229999278	1.8666666666666667
1.1161632060000102	1.9
1.1289001650000046	1.9333333333333333
1.1295964939999976	1.9666666666666666
1.1438576799999964	2.0
1.1624426820000053	2.033333333333333
1.164647371000001	2.066666666666667
1.1652902729999823	2.1
1.2015644349999093	2.1333333333333333
1.2211299339999186	2.1666666666666665
1.2230900490000067	2.2
1.225164217999918	2.2333333333333334
1.249571494999941	2.2666666666666666
1.2525376159999269	2.3
1.2589927770000031	2.3333333333333335
1.2646677029999864	2.3666666666666667
1.292271186999983	2.4
1.3113693899999816	2.433333333333333
1.3129437459999735	2.466666666666667
1.3847661669999525	2.5
1.4208168399999295	2.533333333333333
1.4360632039999928	2.566666666666667
1.4561420139999655	2.6
1.4567694389999133	2.6333333333333333
1.4724164739999424	2.6666666666666665
1.47688743599997	2.7
1.4782281169999578	2.7333333333333334
1.4981712000000016	2.7666666666666666
1.4986886759999152	2.8
1.5024121459999833	2.8333333333333335
1.5045344519999162	2.8666666666666667
1.5061453099999653	2.9
1.5070909620000066	2.933333333333333
1.509815304999961	2.966666666666667
1.5383355459999848	3.0
1.5576542489999383	3.033333333333333
1.5597538939999822	3.066666666666667
1.5624099329999126	3.1
1.5676008599999705	3.1333333333333333
1.6806811249999782	3.1666666666666665
1.6965422459999218	3.2
1.7400980979999758	3.2333333333333334
1.7408880259999933	3.2666666666666666
1.7441182829999207	3.3
1.744399054999917	3.3333333333333335
1.7453197569999475	3.3666666666666667
1.7494741529999374	3.4
1.7509890869999936	3.433333333333333
1.7539590339999904	3.466666666666667
1.7748409689999107	3.5
1.7866893969999182	3.533333333333333
1.7955938869999954	3.566666666666667
1.9290145429999939	3.6
1.9318680449999874	3.6333333333333333
2.0145732729999963	3.6666666666666665
2.0375930809999545	3.7
2.0413479059999418	3.7333333333333334
2.045253439000021	3.7666666666666666
2.046496124999976	3.8
2.0632376799999292	3.8333333333333335
2.0663127799999756	3.8666666666666667
2.0930434919999925	3.9
2.2596018179999646	3.933333333333333
2.2846178839999993	3.966666666666667
2.289987809999957	4.0
2.3157189689999313	4.033333333333333
2.316996106999909	4.066666666666666
2.3280089869999756	4.1
2.3334414249999327	4.133333333333334
2.3374271829999316	4.166666666666667
2.362680188000013	4.2
2.366235242000016	4.233333333333333
2.3665019769999844	4.266666666666667
2.833680899000001	4.3
2.838247170999921	4.333333333333333
2.840117321999969	4.366666666666666
2.840903302000015	4.4
3.4692318859999887	4.433333333333334
3.4697165509999195	4.466666666666667
3.4735852860000023	4.5
3.474112659999946	4.533333333333333
3.477352435999933	4.566666666666666
3.4799416039999187	4.6
3.483448935999945	4.633333333333334
3.484316392999972	4.666666666666667
3.5028827099999944	4.7
3.505679529999952	4.733333333333333
3.512649885999963	4.766666666666667
3.515642039999989	4.8
3.5160374869999487	4.833333333333333
3.516555139999923	4.866666666666666
3.544692803999965	4.9
3.548298435999982	4.933333333333334
3.55050651800002	4.966666666666667
3.5793980259999216	5.0
3.5844125139999505	5.033333333333333
3.589388038999914	5.066666666666666
3.5938693030000195	5.1
3.712921324999911	5.133333333333334
3.7461591039999576	5.166666666666667
3.7661429500000168	5.2
3.983998724999992	5.233333333333333
3.9881802730000118	5.266666666666667
4.0625358930000175	5.3
4.066580425999973	5.333333333333333
4.071006767999961	5.366666666666666
4.071902609999938	5.4
4.1033630680000215	5.433333333333334
4.106850273999953	5.466666666666667
4.129657456000018	5.5
4.239793673999998	5.533333333333333
4.24630028699994	5.566666666666666
4.246638496999935	5.6
4.248265833000005	5.633333333333334
4.260159275999968	5.666666666666667
4.260421156999996	5.7
4.273933236999937	5.733333333333333
4.274223168999924	5.766666666666667
4.573473117999924	5.8
4.606800301000021	5.833333333333333
4.610990419000018	5.866666666666666
4.61618478999992	5.9
4.621157827999923	5.933333333333334
5.086194682999917	5.966666666666667
5.087615956999912	6.0
5.091282367999952	6.033333333333333
5.114251571999944	6.066666666666666
5.138388515999964	6.1
5.138581107999926	6.133333333333334
5.147294365999983	6.166666666666667
5.147599421999985	6.2
5.154516731999934	6.233333333333333
5.184211814999912	6.266666666666667
5.184607458999949	6.3
5.185899744999915	6.333333333333333
5.1885934539999425	6.366666666666666
5.336694100999921	6.4
5.3696628849999115	6.433333333333334
5.37025904199993	6.466666666666667
5.371318462999966	6.5
5.372655239999972	6.533333333333333
5.395767321999983	6.566666666666666
5.401992919000008	6.6
5.4391497670000035	6.633333333333334
5.547137416999931	6.666666666666667
5.549829885999998	6.7
5.5515621099999635	6.733333333333333
5.562072459999968	6.766666666666667
5.589639315999989	6.8
5.590522116999978	6.833333333333333
5.592776959999924	6.866666666666666
5.6179247029999715	6.9
5.620241058999909	6.933333333333334
5.732422959000019	6.966666666666667
5.739274321999915	7.0
5.778510364999988	7.033333333333333
5.78526220699996	7.066666666666666
5.7891568879999795	7.1
5.791233454999997	7.133333333333334
5.79574386999991	7.166666666666667
5.801730243999941	7.2
5.876070578999929	7.233333333333333
5.937430118999941	7.266666666666667
5.943414953999991	7.3
5.947204033999924	7.333333333333333
5.951225606999969	7.366666666666666
6.200815015999979	7.4
6.2093589039999415	7.433333333333334
6.217972661999966	7.466666666666667
6.220661084999961	7.5
6.3022116359999245	7.533333333333333
6.340431741999964	7.566666666666666
6.358548408999923	7.6
6.359262074999947	7.633333333333334
6.365715690999991	7.666666666666667
6.368516657999976	7.7
6.370899445999953	7.733333333333333
6.38049774000001	7.766666666666667
6.382348538999963	7.8
6.393297715000017	7.833333333333333
6.395800775999987	7.866666666666666
6.399825233999991	7.9
6.437137395999912	7.933333333333334
6.4445763740000075	7.966666666666667
6.445159221999916	8.0
6.462911976999976	8.033333333333333
6.463528850999978	8.066666666666666
6.5282409299999244	8.1
6.530246528000021	8.133333333333333
6.538331195999945	8.166666666666666
6.542071555999996	8.2
6.551768147999951	8.233333333333333
6.5610842620000085	8.266666666666667
6.5619667899999286	8.3
6.565715997999973	8.333333333333334
6.571092455999974	8.366666666666667
6.572603736000019	8.4
6.5727768119999155	8.433333333333334
6.57324121299996	8.466666666666667
6.573915614999919	8.5
6.578464487000019	8.533333333333333
6.58811024299996	8.566666666666666
6.591167139999925	8.6
6.593784912999922	8.633333333333333
6.619570647999922	8.666666666666666
6.622120183999982	8.7
6.840575613999931	8.733333333333333
7.450242623999998	8.766666666666667
7.460924564999914	8.8
7.476347795999914	8.833333333333334
7.479672599999958	8.866666666666667
7.486223403999929	8.9
7.487376986999948	8.933333333333334
7.490603840999938	8.966666666666667
7.510092744999952	9.0
7.511817104999977	9.033333333333333
7.518542184000012	9.066666666666666
7.525367186999915	9.1
7.527839043999961	9.133333333333333
7.534168306999959	9.166666666666666
7.535386659999972	9.2
7.539077063999912	9.233333333333333
7.581283059999919	9.266666666666667
7.587173324999981	9.3
7.804291182999918	9.333333333333334
7.81509653899991	9.366666666666667
7.834168816999977	9.4
7.854174612999941	9.433333333333334
7.858168798999941	9.466666666666667
7.865393348999987	9.5
8.225406598999939	9.533333333333333
8.239526490999992	9.566666666666666
8.26468747399997	9.6
8.265163174000008	9.633333333333333
8.267516069999942	9.666666666666666
8.280823064999936	9.7
8.28664852399993	9.733333333333333
8.288388611999949	9.766666666666667
8.29009776099997	9.8
8.30920087200002	9.833333333333334
8.316255457000011	9.866666666666667
8.325376894999977	9.9
8.335649661999923	9.933333333333334
8.339579791000006	9.966666666666667
8.339900606000015	10.0
8.342438337999965	10.033333333333333
8.344883301999971	10.066666666666666
8.361559573000022	10.1
8.383280629999945	10.133333333333333
8.385056899000006	10.166666666666666
8.388269803999947	10.2
8.390185970999937	10.233333333333333
8.390554723999912	10.266666666666667
8.399749051999947	10.3
8.402599301999999	10.333333333333334
8.403978172999928	10.366666666666667
8.40564950999999	10.4
8.41065981600002	10.433333333333334
8.411124007000012	10.466666666666667
8.412439397999947	10.5
8.44446526999991	10.533333333333333
8.46186529900001	10.566666666666666
8.468729754999913	10.6
8.469632036999997	10.633333333333333
8.469806241000015	10.666666666666666
8.470242826999993	10.7
8.600699437999992	10.733333333333333
8.601921860999937	10.766666666666667
8.627964785000017	10.8
8.645180148000009	10.833333333333334
8.657664686999965	10.866666666666667
8.682080398999915	10.9
8.682515935999959	10.933333333333334
8.685867471999927	10.966666666666667
8.687813464999977	11.0
8.688297927000008	11.033333333333333
8.69171156199991	11.066666666666666
8.692935927000008	11.1
8.727024349999965	11.133333333333333
8.73002287199995	11.166666666666666
8.734884265999995	11.2
8.74020055099993	11.233333333333333
8.740768496999976	11.266666666666667
8.741306506	11.3
8.74526683099998	11.333333333333334
8.74923766400002	11.366666666666667
8.749835170999972	11.4
8.753070837999985	11.433333333333334
8.760055040999987	11.466666666666667
8.760255675999929	11.5
9.034883026999978	11.533333333333333
9.04123064700002	11.566666666666666
9.04667115999996	11.6
9.061331260999964	11.633333333333333
9.062281425999913	11.666666666666666
9.12159907299997	11.7
9.133746340000016	11.733333333333333
9.135134239999957	11.766666666666667
9.136015606	11.8
9.140278828999953	11.833333333333334
9.143755581999926	11.866666666666667
9.171041435999996	11.9
9.199500159999957	11.933333333333334
9.20507935899991	11.966666666666667
9.210197075999986	12.0
9.232056515999943	12.033333333333333
9.232793614000002	12.066666666666666
9.234855730999925	12.1
9.236636599999997	12.133333333333333
9.278510904999962	12.166666666666666
9.278672826999923	12.2
9.286886614999958	12.233333333333333
9.289620366999998	12.266666666666667
9.295281596999985	12.3
9.297120049	12.333333333333334
9.302513036999926	12.366666666666667
9.304799441	12.4
9.313342270000021	12.433333333333334
9.316372859000012	12.466666666666667
9.326080353999942	12.5
9.365637931999913	12.533333333333333
9.550016947000017	12.566666666666666
9.550463812999965	12.6
9.552467226999966	12.633333333333333
9.55479819499999	12.666666666666666
9.562390266999955	12.7
9.777969869999993	12.733333333333333
9.781163937999963	12.766666666666667
9.802218815999936	12.8
9.802485437999962	12.833333333333334
9.81910557599997	12.866666666666667
9.82748220499991	12.9
9.842936631999919	12.933333333333334
10.108219117999965	12.966666666666667
10.144388595999999	13.0
10.146248834999938	13.033333333333333
10.173394798999993	13.066666666666666
10.175118708000014	13.1
10.175620736999917	13.133333333333333
10.180665587000021	13.166666666666666
10.181538960000012	13.2
10.189243072999943	13.233333333333333
10.20328422199998	13.266666666666667
10.204137865000007	13.3
10.419881410000016	13.333333333333334
10.421617007999998	13.366666666666667
10.449219024999934	13.4
10.453435109999987	13.433333333333334
10.463810320999983	13.466666666666667
10.469300852999936	13.5
10.469888314999935	13.533333333333333
10.471837856999969	13.566666666666666
10.472017431999916	13.6
10.476500846000022	13.633333333333333
10.479039556999965	13.666666666666666
10.592015915999923	13.7
10.61730305499998	13.733333333333333
10.620312452999997	13.766666666666667
10.624356010999918	13.8
10.634451329999933	13.833333333333334
10.652407454000013	13.866666666666667
10.655347956000014	13.9
10.658196765999946	13.933333333333334
10.66094586099996	13.966666666666667
10.667518250999933	14.0
10.67044884500001	14.033333333333333
10.671589290999918	14.066666666666666
10.681223795999927	14.1
10.683655758999976	14.133333333333333
10.689249464	14.166666666666666
10.693688034999923	14.2
10.70013126799995	14.233333333333333
10.74103451399992	14.266666666666667
10.834635697999943	14.3
10.838244486000008	14.333333333333334
10.844363181999938	14.366666666666667
11.021337442000004	14.4
11.04474983900002	14.433333333333334
11.045446395999988	14.466666666666667
11.046114354999986	14.5
11.052300162999927	14.533333333333333
11.056483009999965	14.566666666666666
11.059854215999962	14.6
11.071006108999995	14.633333333333333
11.071451683999953	14.666666666666666
11.075383367999962	14.7
11.075754830999927	14.733333333333333
11.078826725999988	14.766666666666667
11.080501546999926	14.8
11.702147657999944	14.833333333333334
11.706513665999978	14.866666666666667
11.711142472999995	14.9
11.737474926000004	14.933333333333334
11.754744302999939	14.966666666666667
11.782896768	15.0
11.787811584999986	15.033333333333333
11.792150707000019	15.066666666666666
11.796213399999942	15.1
11.805370382999968	15.133333333333333
11.824100262000002	15.166666666666666
11.829776516999914	15.2
11.836306733000015	15.233333333333333
11.854091606999987	15.266666666666667
11.85810620199993	15.3
11.87223427899994	15.333333333333334
11.873676480999961	15.366666666666667
11.875837218000015	15.4
11.883264697999948	15.433333333333334
11.883483216999934	15.466666666666667
11.886044831999925	15.5
11.886850272999936	15.533333333333333
11.889654753999935	15.566666666666666
11.895994433999931	15.6
11.90046819600002	15.633333333333333
11.91611629099998	15.666666666666666
11.917236869000021	15.7
11.919339434999983	15.733333333333333
11.92040762299996	15.766666666666667
11.921266629000002	15.8
11.923365113999921	15.833333333333334
11.927008731	15.866666666666667
11.929107470999952	15.9
11.935279152000021	15.933333333333334
12.193407717000014	15.966666666666667
12.193916346999913	16.0
12.19455651699991	16.033333333333335
12.196541173000014	16.066666666666666
12.203067560000022	16.1
14.28767879499992	16.133333333333333
14.293677192000018	16.166666666666668
14.316881770000009	16.2
14.321807691000004	16.233333333333334
14.322274723999953	16.266666666666666
14.323396748999926	16.3
14.340932142999918	16.333333333333332
14.341226401999961	16.366666666666667
14.342070533999959	16.4
14.358607924000012	16.433333333333334
14.386112306999962	16.466666666666665
14.387322273999985	16.5
14.387862105999943	16.533333333333335
14.388978398999939	16.566666666666666
14.392543208999996	16.6
14.404999578999991	16.633333333333333
14.414446060999921	16.666666666666668
14.43863677999991	16.7
14.475751252999999	16.733333333333334
14.481212618999962	16.766666666666666
14.493088674999967	16.8
14.511896089999937	16.833333333333332
14.514481015000001	16.866666666666667
14.52014274999999	16.9
14.521793012999979	16.933333333333334
14.565619086999959	16.966666666666665
14.569179109999936	17.0
14.57347671599996	17.033333333333335
14.574477161999994	17.066666666666666
14.576010462999989	17.1
14.578173266000022	17.133333333333333
14.696165037000014	17.166666666666668
14.699262940999915	17.2
14.70408389399995	17.233333333333334
14.705574622999961	17.266666666666666
14.847434250999981	17.3
14.853861354999935	17.333333333333332
14.85440371300001	17.366666666666667
14.856115295999984	17.4
14.860364852999965	17.433333333333334
14.870586663999916	17.466666666666665
14.881397081999921	17.5
14.884280443999955	17.533333333333335
15.114160281999943	17.566666666666666
15.116324695999992	17.6
15.117670116	17.633333333333333
15.145434554999952	17.666666666666668
15.151954293000017	17.7
15.177903044000004	17.733333333333334
15.206602368999938	17.766666666666666
15.243612391999932	17.8
15.26112883299993	17.833333333333332
15.391406500000016	17.866666666666667
15.394456246999994	17.9
15.39854557000001	17.933333333333334
15.402371679999987	17.966666666666665
15.40683100199999	18.0
15.412895533999972	18.033333333333335
15.42554625999992	18.066666666666666
15.439570239999966	18.1
15.447626184	18.133333333333333
15.484394597000005	18.166666666666668
15.485255192999944	18.2
15.490051561999962	18.233333333333334
15.490533727999946	18.266666666666666
15.498471414999926	18.3
15.517181727999969	18.333333333333332
15.52491570099994	18.366666666666667
15.52628546599999	18.4
15.53058410199992	18.433333333333334
15.556578532999993	18.466666666666665
15.565626837999957	18.5
15.567450442999984	18.533333333333335
15.568335385999944	18.566666666666666
15.573207576999948	18.6
15.583982673999913	18.633333333333333
15.589034161999962	18.666666666666668
15.591276346999962	18.7
15.592444736999937	18.733333333333334
15.60571736299994	18.766666666666666
15.626926485000013	18.8
15.628249537999977	18.833333333333332
15.62908081899991	18.866666666666667
15.62973646799992	18.9
15.630004482000004	18.933333333333334
15.67319953599997	18.966666666666665
15.676112395000018	19.0
15.676962636999974	19.033333333333335
15.702563940999994	19.066666666666666
15.731982363999919	19.1
15.732682382000007	19.133333333333333
15.734722079999983	19.166666666666668
15.739549689	19.2
15.740220321999914	19.233333333333334
15.754073256999959	19.266666666666666
15.776322918999995	19.3
15.807381460999977	19.333333333333332
15.807630316999962	19.366666666666667
15.831727097999988	19.4
15.850228076999997	19.433333333333334
15.850637357999972	19.466666666666665
15.852785386999926	19.5
15.85691300499991	19.533333333333335
15.873389158999998	19.566666666666666
15.874043035	19.6
15.888318091999963	19.633333333333333
15.88890117599999	19.666666666666668
15.89971820300002	19.7
15.899914173999946	19.733333333333334
15.90268788200001	19.766666666666666
15.903709687999935	19.8
15.934030445999952	19.833333333333332
15.938377728999967	19.866666666666667
15.94267726999999	19.9
15.944784592000019	19.933333333333334
15.949621089999937	19.966666666666665
15.949865744000022	20.0
15.962023310999939	20.033333333333335
15.979193868999914	20.066666666666666
15.994744149999974	20.1
16.018945314999996	20.133333333333333
16.03522955599999	20.166666666666668
16.040460757000005	20.2
16.040657712999973	20.233333333333334
16.040966684999944	20.266666666666666
16.041185773999928	20.3
16.046178630999975	20.333333333333332
16.048892063999915	20.366666666666667
16.049615863999975	20.4
16.051200068999947	20.433333333333334
16.058116627999993	20.466666666666665
16.05978827299998	20.5
16.067247728999973	20.533333333333335
16.070854263	20.566666666666666
16.085239960999957	20.6
16.10717079599999	20.633333333333333
16.113949388999913	20.666666666666668
16.114620352999964	20.7
16.11660992599991	20.733333333333334
16.125137156999926	20.766666666666666
16.125587183999983	20.8
16.153119951999997	20.833333333333332
16.186151778999943	20.866666666666667
16.189822527999922	20.9
16.21686028599993	20.933333333333334
16.223069283999962	20.966666666666665
16.225973891999956	21.0
16.23429573699991	21.033333333333335
16.264008022999974	21.066666666666666
16.28117194099991	21.1
16.28617727699998	21.133333333333333
16.312710529000015	21.166666666666668
16.313059807999934	21.2
16.319789841999977	21.233333333333334
16.320594348999975	21.266666666666666
16.321434368999917	21.3
16.330784633000007	21.333333333333332
16.331529241999988	21.366666666666667
16.373728863999986	21.4
16.399983066000004	21.433333333333334
16.402799356999935	21.466666666666665
16.436395382	21.5
16.43768505999992	21.533333333333335
16.454092183999933	21.566666666666666
16.461730171	21.6
16.462018350999983	21.633333333333333
16.47897445199999	21.666666666666668
16.485339255999975	21.7
16.489698570999963	21.733333333333334
16.491122942999937	21.766666666666666
16.507922682999947	21.8
17.309133677999966	21.833333333333332
17.31674549999991	21.866666666666667
17.323120668	21.9
17.328226851999943	21.933333333333334
17.791080384999987	21.966666666666665
17.813303305999966	22.0
17.813451904999965	22.033333333333335
17.816736743999968	22.066666666666666
17.821452583999985	22.1
17.82269866599995	22.133333333333333
17.841347430999917	22.166666666666668
17.84174564099999	22.2
17.859536297999966	22.233333333333334
17.88967743899991	22.266666666666666
17.892993781999962	22.3
17.89406592199998	22.333333333333332
17.89884202799999	22.366666666666667
17.908178274999955	22.4
17.913713310999924	22.433333333333334
17.998573287	22.466666666666665
18.103208053999992	22.5
18.12005568400002	22.533333333333335
18.13238765899996	22.566666666666666
18.13829539099993	22.6
18.14341562499999	22.633333333333333
18.15100195399998	22.666666666666668
18.153497707999918	22.7
18.160435423999957	22.733333333333334
18.161648043000014	22.766666666666666
18.28073867799992	22.8
18.28315106299999	22.833333333333332
18.302685687000007	22.866666666666667
18.416241295999953	22.9
18.41899341499993	22.933333333333334
18.424620545999915	22.966666666666665
18.42682180899999	23.0
18.431036316000018	23.033333333333335
18.432233537000002	23.066666666666666
18.43940097199993	23.1
18.444461083999954	23.133333333333333
18.44888519999995	23.166666666666668
18.452363171000002	23.2
18.456944739999926	23.233333333333334
18.457209189999958	23.266666666666666
18.461336748000008	23.3
18.48531212699993	23.333333333333332
18.49368296399996	23.366666666666667
18.497051677999934	23.4
18.504275937999978	23.433333333333334
18.650969975999942	23.466666666666665
18.67224318000001	23.5
18.675428785999998	23.533333333333335
18.679352552999944	23.566666666666666
18.69706505099998	23.6
18.697637729999997	23.633333333333333
18.699269863999916	23.666666666666668
18.699721851999925	23.7
18.70060992499998	23.733333333333334
18.70400818799999	23.766666666666666
18.713659081999936	23.8
18.719379474999982	23.833333333333332
18.72245951399998	23.866666666666667
18.73283956399996	23.9
18.739581208999994	23.933333333333334
18.739953974999935	23.966666666666665
18.74379718199998	24.0
18.745151188000023	24.033333333333335
18.746750619999943	24.066666666666666
18.776925208999955	24.1
18.77820637399998	24.133333333333333
18.781368742999916	24.166666666666668
18.783225851999987	24.2
18.79865062199997	24.233333333333334
18.803125122999973	24.266666666666666
18.803297381999982	24.3
18.803918177000014	24.333333333333332
18.825909377000016	24.366666666666667
18.832601521000015	24.4
18.833281640999985	24.433333333333334
18.83419186699996	24.466666666666665
18.926087447999976	24.5
18.928715306999948	24.533333333333335
18.96059572799993	24.566666666666666
18.962483089999978	24.6
18.976821085999973	24.633333333333333
18.97918301699997	24.666666666666668
18.97938271800001	24.7
18.988296570999978	24.733333333333334
18.989994328999956	24.766666666666666
19.054034926999975	24.8
19.064135074999967	24.833333333333332
19.068248611999934	24.866666666666667
19.095468728000014	24.9
19.098272967999947	24.933333333333334
19.10265540799992	24.966666666666665
19.10867779099999	25.0
19.11742949199993	25.033333333333335
19.169017663999966	25.066666666666666
19.173278595999932	25.1
19.185439298000006	25.133333333333333
19.233522232999917	25.166666666666668
19.243587891999937	25.2
19.244798051999965	25.233333333333334
19.24926566199997	25.266666666666666
19.253286079999953	25.3
19.28866119099996	25.333333333333332
19.292003668999996	25.366666666666667
19.29345780999995	25.4
19.293968932999974	25.433333333333334
19.304688936999923	25.466666666666665
19.305284733999997	25.5
19.314002793999975	25.533333333333335
19.316112097999962	25.566666666666666
19.32299091999994	25.6
19.349920312999984	25.633333333333333
19.683878534999963	25.666666666666668
19.685173265000003	25.7
19.68713370499995	25.733333333333334
19.70692347900001	25.766666666666666
19.71001338399992	25.8
19.929193019999957	25.833333333333332
19.94461274699995	25.866666666666667
19.950377713999956	25.9
19.97348483099995	25.933333333333334
20.075388547999978	25.966666666666665
20.083872200999963	26.0
20.084538199999997	26.033333333333335
20.09217614800002	26.066666666666666
20.096453012999973	26.1
20.096721448999915	26.133333333333333
20.098256790999926	26.166666666666668
20.34462329600001	26.2
20.344887680999932	26.233333333333334
20.354349137999975	26.266666666666666
20.355213541000012	26.3
20.35989997799993	26.333333333333332
20.470771853999963	26.366666666666667
20.837836447999962	26.4
20.84023226399995	26.433333333333334
20.86425880999991	26.466666666666665
20.86455006299991	26.5
20.872077272999945	26.533333333333335
20.882204968999986	26.566666666666666
20.906858337000017	26.6
20.909656386999927	26.633333333333333
20.914018665999947	26.666666666666668
20.914631260999954	26.7
20.93547587599994	26.733333333333334
20.941634539999995	26.766666666666666
20.94589659799999	26.8
20.95103678199996	26.833333333333332
21.059812342999976	26.866666666666667
21.21034260099998	26.9
21.212874889999966	26.933333333333334
21.22113320799997	26.966666666666665
21.22150825199992	27.0
21.22192849299995	27.033333333333335
21.223107938	27.066666666666666
21.230833425000014	27.1
21.231642103000013	27.133333333333333
21.23370670700001	27.166666666666668
21.233866296999963	27.2
21.240591461000008	27.233333333333334
21.246366335999937	27.266666666666666
21.347152915999914	27.3
21.347375601999943	27.333333333333332
21.423008342000003	27.366666666666667
21.423423974000002	27.4
21.51447779399996	27.433333333333334
21.51468786999999	27.466666666666665
21.52074719699999	27.5
21.525675826999986	27.533333333333335
21.52727719500001	27.566666666666666
21.71007010599999	27.6
21.711438757999986	27.633333333333333
21.712143873999935	27.666666666666668
21.75228886000002	27.7
21.757197138999913	27.733333333333334
21.757816032999926	27.766666666666666
21.764821628999925	27.8
21.791361015000007	27.833333333333332
21.795557687999917	27.866666666666667
21.798535922999918	27.9
21.79995918999998	27.933333333333334
21.80686398599994	27.966666666666665
21.81662650399994	28.0
21.834818232999964	28.033333333333335
21.842924349999976	28.066666666666666
21.889546673999916	28.1
21.901057459999947	28.133333333333333
21.90609516799998	28.166666666666668
21.918285996999998	28.2
22.005294351999964	28.233333333333334
22.02566255699992	28.266666666666666
22.02867126000001	28.3
22.03091085799997	28.333333333333332
22.05105404599999	28.366666666666667
22.08605404499997	28.4
22.08948369099994	28.433333333333334
22.09008406399994	28.466666666666665
22.100723529999982	28.5
22.101681636999956	28.533333333333335
22.102035024999964	28.566666666666666
22.10238687100002	28.6
22.27598337400002	28.633333333333333
22.276272053999946	28.666666666666668
22.28224946699993	28.7
22.283508511999912	28.733333333333334
22.309182405	28.766666666666666
22.31034239099995	28.8
22.31100508899999	28.833333333333332
22.312188926999966	28.866666666666667
22.316255974	28.9
22.33622948499999	28.933333333333334
22.340545952999946	28.966666666666665
22.343334984999956	29.0
22.360722667999994	29.033333333333335
22.36315256799992	29.066666666666666
22.365268326999967	29.1
22.369268853999984	29.133333333333333
22.402042063999943	29.166666666666668
22.404618254999946	29.2
22.408905839	29.233333333333334
22.598578045999943	29.266666666666666
22.59964581899999	29.3
22.599903063999932	29.333333333333332
22.60029056099995	29.366666666666667
22.601329765999935	29.4
22.602616614999988	29.433333333333334
22.79865221199998	29.466666666666665
22.80221991499991	29.5
22.807142719000012	29.533333333333335
22.853383424999947	29.566666666666666
22.85551727400002	29.6
22.857978042000013	29.633333333333333
22.86889987899997	29.666666666666668
22.87266349899994	29.7
22.88410493099991	29.733333333333334
22.90615349799998	29.766666666666666
22.912113334999958	29.8
22.914444376000006	29.833333333333332
22.936572608000006	29.866666666666667
22.957382394999968	29.9
22.97095565299992	29.933333333333334
22.98005009299993	29.966666666666665
22.989484898	30.0
22.992031602999987	30.033333333333335
22.997881174999975	30.066666666666666
22.999034526999935	30.1
23.002242905999992	30.133333333333333
23.010327202999974	30.166666666666668
23.01067113199997	30.2
23.012507203999917	30.233333333333334
23.024634623999987	30.266666666666666
23.02698757199994	30.3
23.027366289999918	30.333333333333332
23.027678344999913	30.366666666666667
23.10056754200002	30.4
23.100820237999983	30.433333333333334
23.104786047999937	30.466666666666665
23.105283045999954	30.5
23.107117646000006	30.533333333333335
23.108563506999985	30.566666666666666
23.109785449000015	30.6
23.11367717799999	30.633333333333333
23.149283688999958	30.666666666666668
23.152701784999977	30.7
23.16439341199998	30.733333333333334
23.16540170099995	30.766666666666666
23.173664951999967	30.8
23.190602113999944	30.833333333333332
23.193086546000018	30.866666666666667
23.196923556	30.9
23.200983410999925	30.933333333333334
23.322370696000007	30.966666666666665
23.330456431000016	31.0
23.339702869999996	31.033333333333335
23.34139996099998	31.066666666666666
23.34530173199994	31.1
23.346494924000012	31.133333333333333
23.372277611999948	31.166666666666668
23.384718962999955	31.2
23.39102293399992	31.233333333333334
23.391302354999993	31.266666666666666
23.46011286800001	31.3
23.460541239999998	31.333333333333332
23.46957380599997	31.366666666666667
23.482295903000022	31.4
23.48262539199993	31.433333333333334
23.485057551999944	31.466666666666665
23.52360232000001	31.5
23.526780083999938	31.533333333333335
23.550621581999962	31.566666666666666
23.571038110000018	31.6
23.62627059800002	31.633333333333333
23.632280729999934	31.666666666666668
23.633502108000016	31.7
23.646845126000017	31.733333333333334
23.67666614299992	31.766666666666666
23.67682129000002	31.8
23.68334167899991	31.833333333333332
23.76166818799993	31.866666666666667
23.76576265299991	31.9
23.779555010999957	31.933333333333334
23.78347011799997	31.966666666666665
23.800097953999966	32.0
23.806027593999943	32.03333333333333
23.81629125099994	32.06666666666667
23.819684380000012	32.1
23.821257790999994	32.13333333333333
23.843216145999918	32.166666666666664
24.03546560999996	32.2
24.052690729999995	32.233333333333334
24.057701721999933	32.266666666666666
24.066038255999956	32.3
24.068232254999998	32.333333333333336
24.071538202999932	32.36666666666667
24.07307862999994	32.4
24.25010841099993	32.43333333333333
24.252249210999935	32.46666666666667
24.261334448999946	32.5
24.267835546000015	32.53333333333333
24.27013840999996	32.56666666666667
24.275479238999992	32.6
24.278597264999917	32.63333333333333
24.280498012999942	32.666666666666664
24.299141153999926	32.7
24.321232229999964	32.733333333333334
24.335331765999968	32.766666666666666
24.351404623999997	32.8
24.35361094999996	32.833333333333336
24.35815717999992	32.86666666666667
24.387838303999956	32.9
24.388600598999915	32.93333333333333
24.394274810999946	32.96666666666667
24.395156110000016	33.0
24.39762108000002	33.03333333333333
24.40034902399998	33.06666666666667
24.413709129999916	33.1
24.423718055999984	33.13333333333333
24.437420739999993	33.166666666666664
24.438673509999944	33.2
24.439140280999936	33.233333333333334
24.486846346999982	33.266666666666666
24.491452073000005	33.3
24.49171400399996	33.333333333333336
24.492555562000007	33.36666666666667
24.514191040000014	33.4
24.64870905099997	33.43333333333333
24.650228966999975	33.46666666666667
24.662793689999944	33.5
24.663898765	33.53333333333333
24.66851856300002	33.56666666666667
24.669101081999997	33.6
24.672204735999912	33.63333333333333
24.67675572899998	33.666666666666664
24.67719944999999	33.7
24.679566997999927	33.733333333333334
24.679837550000002	33.766666666666666
24.68270796799993	33.8
24.687190858000008	33.833333333333336
24.71608073999994	33.86666666666667
24.720359563999978	33.9
24.725097741000013	33.93333333333333
24.72597235899991	33.96666666666667
24.74551707799992	34.0
25.251990319000015	34.03333333333333
25.267131189999986	34.06666666666667
25.299043463999965	34.1
25.311438343999953	34.13333333333333
25.31812100100001	34.166666666666664
25.31924922999997	34.2
25.327422189000004	34.233333333333334
25.32774476899999	34.266666666666666
25.333545224999966	34.3
25.369945793999932	34.333333333333336
25.370998449000012	34.36666666666667
25.37194022799997	34.4
25.378879120999954	34.43333333333333
25.379744496999933	34.46666666666667
25.58250138400001	34.5
25.586207988999945	34.53333333333333
25.765134925999973	34.56666666666667
25.76953081800002	34.6
25.792349295000008	34.63333333333333
25.796560475999968	34.666666666666664
25.98989062399994	34.7
25.992361022999944	34.733333333333334
26.009422542999914	34.766666666666666
26.01335886200002	34.8
26.020053536999967	34.833333333333336
26.049968854999975	34.86666666666667
26.05104513899994	34.9
26.057614386999944	34.93333333333333
26.080339971999933	34.96666666666667
26.12911860700001	35.0
26.130143470999997	35.03333333333333
26.150081321000016	35.06666666666667
26.152456425999958	35.1
26.152666164999914	35.13333333333333
26.16535752099992	35.166666666666664
26.179434550999986	35.2
26.184414113000003	35.233333333333334
26.190326157999948	35.266666666666666
26.19314694000002	35.3
26.204813762999947	35.333333333333336
26.22352905799994	35.36666666666667
26.227639324999927	35.4
26.23554547799995	35.43333333333333
26.257457752999926	35.46666666666667
26.30514971799994	35.5
26.305262534999997	35.53333333333333
26.311363562999986	35.56666666666667
26.31172839699991	35.6
26.326360259000012	35.63333333333333
26.344991016999984	35.666666666666664
26.346085005999953	35.7
26.349628743999915	35.733333333333334
26.358173251999915	35.766666666666666
26.364557203999993	35.8
26.392778012000008	35.833333333333336
26.423893055000008	35.86666666666667
26.424136999999973	35.9
26.43199649600001	35.93333333333333
26.435662712999942	35.96666666666667
26.459323714999982	36.0
26.462908874999926	36.03333333333333
26.464705661999915	36.06666666666667
26.470843484999932	36.1
26.51439063199996	36.13333333333333
26.518976558999952	36.166666666666664
26.522598641999934	36.2
26.540557767999985	36.233333333333334
26.563861718999988	36.266666666666666
26.589198656000008	36.3
26.630369696999992	36.333333333333336
26.63128863399993	36.36666666666667
26.637461577999943	36.4
26.642682321999928	36.43333333333333
26.646296508999967	36.46666666666667
26.65001680799992	36.5
26.65200520499991	36.53333333333333
26.659145070000022	36.56666666666667
26.660571774999994	36.6
26.673245586000007	36.63333333333333
26.680120689999967	36.666666666666664
26.686130985999966	36.7
26.69290446399998	36.733333333333334
26.70411053700002	36.766666666666666
26.705008606999968	36.8
26.70572025599995	36.833333333333336
26.885993811999924	36.86666666666667
26.886108614000022	36.9
26.88936205199991	36.93333333333333
26.893561734999935	36.96666666666667
26.894334352999977	37.0
26.91305910799997	37.03333333333333
26.915594252999995	37.06666666666667
26.91602345399997	37.1
26.919965596999987	37.13333333333333
26.949130087999947	37.166666666666664
26.957660594000004	37.2
26.959570591999977	37.233333333333334
26.962947785999972	37.266666666666666
27.17243508699994	37.3
27.177237110999954	37.333333333333336
27.18231489599998	37.36666666666667
27.184571112999947	37.4
27.191326000000004	37.43333333333333
27.19589672799998	37.46666666666667
27.19773343199995	37.5
27.413827384	37.53333333333333
27.416456576999963	37.56666666666667
27.41947250699991	37.6
27.428674484	37.63333333333333
27.461115751999955	37.666666666666664
27.46134984799994	37.7
27.463020367000013	37.733333333333334
27.46605341399993	37.766666666666666
27.467510913999945	37.8
27.48443624999993	37.833333333333336
27.51567343900001	37.86666666666667
27.515948632999994	37.9
27.52636586999995	37.93333333333333
27.53010662199995	37.96666666666667
27.530685706999975	38.0
27.53106168299996	38.03333333333333
27.532524955999975	38.06666666666667
27.533678524999914	38.1
27.562695418999965	38.13333333333333
27.56708133099994	38.166666666666664
27.56921695299991	38.2
27.57019169900002	38.233333333333334
27.588466584999992	38.266666666666666
27.600987132	38.3
27.601690543000018	38.333333333333336
27.60256020999998	38.36666666666667
27.60436626899991	38.4
27.612432094999917	38.43333333333333
27.616006104999997	38.46666666666667
27.61728558899995	38.5
27.619136133999973	38.53333333333333
27.65267551599993	38.56666666666667
27.898718658999996	38.6
27.899234830999944	38.63333333333333
27.91534158999991	38.666666666666664
27.91708865299995	38.7
27.917183510999962	38.733333333333334
27.92039410399991	38.766666666666666
27.924340095999924	38.8
27.92922183600001	38.833333333333336
27.93806727599997	38.86666666666667
27.939959090000002	38.9
27.952861172999974	38.93333333333333
27.970992811999963	38.96666666666667
27.971415059999913	39.0
27.977631990999953	39.03333333333333
27.982302017999928	39.06666666666667
27.991140244999997	39.1
28.00315914700002	39.13333333333333
28.003247379999948	39.166666666666664
28.00417268000001	39.2
28.007188651999968	39.233333333333334
28.01539869499993	39.266666666666666
28.016399826999987	39.3
28.205584182999928	39.333333333333336
28.20818452100002	39.36666666666667
28.20895223699995	39.4
28.21593497899994	39.43333333333333
28.219626955999956	39.46666666666667
28.221875941999997	39.5
28.22420549200001	39.53333333333333
28.224927870999977	39.56666666666667
28.228629792999982	39.6
28.22898864000001	39.63333333333333
28.230284377999965	39.666666666666664
28.240208070999984	39.7
28.247808560999943	39.733333333333334
28.26169521600002	39.766666666666666
28.26423080400002	39.8
28.269640916999947	39.833333333333336
28.27389323	39.86666666666667
28.27625748999992	39.9
28.301284053000018	39.93333333333333
28.332667127999912	39.96666666666667
28.339447268999947	40.0
28.34224477700002	40.03333333333333
28.349362831000008	40.06666666666667
28.35034628300002	40.1
28.35056767100002	40.13333333333333
28.35102226999993	40.166666666666664
28.351191961999916	40.2
28.358336346999977	40.233333333333334
28.372390844999927	40.266666666666666
28.375448086000006	40.3
28.396131821999916	40.333333333333336
28.398180076000017	40.36666666666667
28.400377954999954	40.4
28.400869081999986	40.43333333333333
28.404019036000022	40.46666666666667
28.40459521999992	40.5
28.421477403999916	40.53333333333333
28.42405118900001	40.56666666666667
28.42710243199997	40.6
28.440265805999957	40.63333333333333
28.44468928099991	40.666666666666664
28.897812638999994	40.7
28.901742044999992	40.733333333333334
28.90569561799998	40.766666666666666
28.917752416999974	40.8
28.942429921999974	40.833333333333336
28.96297434600001	40.86666666666667
28.998638342999925	40.9
29.000616436999962	40.93333333333333
29.03087059099994	40.96666666666667
29.060049746999994	41.0
29.063303734999977	41.03333333333333
29.06755879000002	41.06666666666667
29.067972596000004	41.1
29.068622033999986	41.13333333333333
29.072927370000002	41.166666666666664
29.07595120899998	41.2
29.078618250999966	41.233333333333334
29.08196430099997	41.266666666666666
29.084501390000014	41.3
29.085235496999985	41.333333333333336
29.085610128999974	41.36666666666667
29.085897763999924	41.4
29.088595151999925	41.43333333333333
29.09097425799996	41.46666666666667
29.158167239000022	41.5
29.158405453	41.53333333333333
29.16668830599997	41.56666666666667
29.173532618999957	41.6
29.174410379999927	41.63333333333333
29.180930313999966	41.666666666666664
29.18475707199991	41.7
29.190742559	41.733333333333334
29.195594986999936	41.766666666666666
29.20900045499991	41.8
29.20911485299996	41.833333333333336
29.21509760799995	41.86666666666667
29.234002489999966	41.9
29.24418627199998	41.93333333333333
29.247229442999924	41.96666666666667
29.247532704999912	42.0
29.247742845999937	42.03333333333333
29.24856467099994	42.06666666666667
29.255479127999934	42.1
29.25630727800001	42.13333333333333
29.278857437999932	42.166666666666664
29.280796925999994	42.2
29.303654646999917	42.233333333333334
29.320354941000005	42.266666666666666
29.329168418999984	42.3
29.41601618599998	42.333333333333336
29.604920187999937	42.36666666666667
29.60908429299991	42.4
29.763252730999966	42.43333333333333
30.09960325399993	42.46666666666667
30.099912868999922	42.5
30.101221401999965	42.53333333333333
30.106232514	42.56666666666667
30.114375759999916	42.6
30.13335069799996	42.63333333333333
30.13773928799992	42.666666666666664
30.144548907999933	42.7
30.14640779199999	42.733333333333334
30.164782790000004	42.766666666666666
30.165445336999937	42.8
30.168777352999996	42.833333333333336
30.16976475399997	42.86666666666667
30.171509587999935	42.9
30.177437845999975	42.93333333333333
30.196256618999996	42.96666666666667
30.205880439999987	43.0
30.209636667999916	43.03333333333333
30.218635051999968	43.06666666666667
30.220072837999965	43.1
30.22107280499995	43.13333333333333
30.224964999999997	43.166666666666664
30.226501203999987	43.2
30.227590159999977	43.233333333333334
30.25407409999991	43.266666666666666
30.25821288599991	43.3
30.282410948999996	43.333333333333336
30.30530781599998	43.36666666666667
30.309893515	43.4
30.31053456500001	43.43333333333333
30.31830164600001	43.46666666666667
30.346671383999933	43.5
30.380451023999967	43.53333333333333
30.380705021999916	43.56666666666667
30.41193865499997	43.6
30.416158821999943	43.63333333333333
30.419745333999913	43.666666666666664
30.426638778999973	43.7
30.426747009999985	43.733333333333334
30.43513906299995	43.766666666666666
30.454967153999974	43.8
30.463165420999985	43.833333333333336
30.488880161999987	43.86666666666667
30.495546290999982	43.9
30.50672929399991	43.93333333333333
30.510143857000003	43.96666666666667
30.513450837999926	44.0
30.515446036999947	44.03333333333333
30.516097050999974	44.06666666666667
30.51795585299999	44.1
30.537641925999992	44.13333333333333
30.557768796999994	44.166666666666664
30.560366864000002	44.2
30.56093926599999	44.233333333333334
30.561593992999974	44.266666666666666
30.561956785000007	44.3
30.565482944999985	44.333333333333336
30.568180805999987	44.36666666666667
30.572887983999976	44.4
30.709822057999986	44.43333333333333
30.71384763599997	44.46666666666667
30.732256808999978	44.5
30.759668337999983	44.53333333333333
30.77193407699997	44.56666666666667
30.782965314999956	44.6
30.786172398999952	44.63333333333333
30.786375104999934	44.666666666666664
30.789216409999995	44.7
30.82345055999997	44.733333333333334
30.823639089999915	44.766666666666666
30.843512137999937	44.8
30.84719694299997	44.833333333333336
30.847856890000003	44.86666666666667
30.857213537999996	44.9
30.859362536999924	44.93333333333333
30.859907643999918	44.96666666666667
30.863597121999987	45.0
30.875329687999965	45.03333333333333
30.905004935999955	45.06666666666667
31.144243920000008	45.1
31.145628622999993	45.13333333333333
31.14667379399998	45.166666666666664
31.14809379199994	45.2
31.150895721999973	45.233333333333334
31.15533652399995	45.266666666666666
31.19648189599991	45.3
31.224055324000005	45.333333333333336
31.23436157699996	45.36666666666667
31.23866396799997	45.4
31.25105048599994	45.43333333333333
31.279904865999924	45.46666666666667
31.291599023999993	45.5
31.29349748599998	45.53333333333333
31.296388431999958	45.56666666666667
31.307539442999996	45.6
31.320005486000014	45.63333333333333
31.325858347000008	45.666666666666664
31.33796203700001	45.7
31.35210383599997	45.733333333333334
31.355665333999923	45.766666666666666
31.363884815000006	45.8
31.379604498999925	45.833333333333336
31.39576900499992	45.86666666666667
31.39655935899998	45.9
31.422585558999913	45.93333333333333
31.442951629999925	45.96666666666667
31.445663480999997	46.0
31.466565568999954	46.03333333333333
31.620194082000012	46.06666666666667
31.63385020299995	46.1
31.639538221999942	46.13333333333333
31.639706296999975	46.166666666666664
31.64057243299999	46.2
31.642932352000003	46.233333333333334
31.800185033999924	46.266666666666666
31.812043959999983	46.3
31.84594170699995	46.333333333333336
31.85145618799993	46.36666666666667
31.853446969999936	46.4
31.864218600999948	46.43333333333333
31.887041339000007	46.46666666666667
31.890622437999923	46.5
31.891534631000013	46.53333333333333
31.89489761599998	46.56666666666667
31.896406184999933	46.6
31.896641491999958	46.63333333333333
31.899511148999977	46.666666666666664
31.90329799799997	46.7
31.908079180999948	46.733333333333334
31.91474097999992	46.766666666666666
31.916377024999974	46.8
31.974715449999962	46.833333333333336
31.975455188999945	46.86666666666667
31.981559271999913	46.9
32.078046542999914	46.93333333333333
32.08233281799994	46.96666666666667
32.08288312299999	47.0
32.09207133399991	47.03333333333333
32.11465486199995	47.06666666666667
32.138662127999964	47.1
32.150377811	47.13333333333333
32.17739768399997	47.166666666666664
32.185369519000005	47.2
32.18584677699994	47.233333333333334
32.19132690899994	47.266666666666666
32.19342532799999	47.3
32.207185575999915	47.333333333333336
32.21659226399993	47.36666666666667
32.256353829999966	47.4
32.272218040999974	47.43333333333333
32.27663219599992	47.46666666666667
32.28046627200001	47.5
32.28150031500002	47.53333333333333
32.301851374999956	47.56666666666667
32.310155033	47.6
32.311375314999964	47.63333333333333
32.31414654499997	47.666666666666664
32.31944725300002	47.7
32.32570573700002	47.733333333333334
32.327742005999994	47.766666666666666
32.33302835099994	47.8
32.33370039099998	47.833333333333336
32.33623133699996	47.86666666666667
32.33668868299992	47.9
32.34660214299993	47.93333333333333
32.35513325199997	47.96666666666667
32.359166716000004	48.0
32.38100221399998	48.03333333333333
32.399253542999986	48.06666666666667
32.400684619	48.1
32.40087540999991	48.13333333333333
32.56733035599996	48.166666666666664
32.572350004999976	48.2
32.573761073000014	48.233333333333334
32.575483074999966	48.266666666666666
32.57770764999998	48.3
32.579610928999955	48.333333333333336
32.589618901999984	48.36666666666667
32.59803393099992	48.4
32.81785889899993	48.43333333333333
32.81863194699997	48.46666666666667
32.84357064999995	48.5
32.847007674	48.53333333333333
32.848519952999936	48.56666666666667
34.009647849999965	48.6
34.030628921000016	48.63333333333333
34.04768947499997	48.666666666666664
34.04786804399998	48.7
34.05112587899998	48.733333333333334
34.08091139499993	48.766666666666666
34.08429968500002	48.8
34.086143285999924	48.833333333333336
34.09456778200001	48.86666666666667
34.098030456999936	48.9
34.10792217300002	48.93333333333333
34.10807592499998	48.96666666666667
34.11503097299999	49.0
34.14433149299998	49.03333333333333
34.15141981499994	49.06666666666667
34.173650975999976	49.1
34.174202906000005	49.13333333333333
34.20176686000002	49.166666666666664
34.229361681	49.2
34.23290345199996	49.233333333333334
34.23517466199996	49.266666666666666
34.24001551099991	49.3
34.25712869899996	49.333333333333336
34.261674192999976	49.36666666666667
34.27206641299995	49.4
34.27242942399994	49.43333333333333
34.273236131999965	49.46666666666667
34.27420318899999	49.5
34.27853362299993	49.53333333333333
34.30059245199993	49.56666666666667
34.30148284199993	49.6
34.34572358699995	49.63333333333333
34.34712706899995	49.666666666666664
34.370963580999955	49.7
34.37402984899995	49.733333333333334
34.41479357100002	49.766666666666666
34.432216703999984	49.8
34.46186318299999	49.833333333333336
34.472982015999946	49.86666666666667
34.473455041999955	49.9
34.47998203399993	49.93333333333333
34.480806143999985	49.96666666666667
34.483702505	50.0
34.486946364000005	50.03333333333333
34.490622711000015	50.06666666666667
34.49559888099998	50.1
34.50131643899999	50.13333333333333
34.50246666999999	50.166666666666664
34.50462619399991	50.2
34.50573008099991	50.233333333333334
34.659427188999985	50.266666666666666
34.66548485399994	50.3
34.665760906999935	50.333333333333336
34.669930862	50.36666666666667
34.67138505599996	50.4
34.67254130799995	50.43333333333333
34.697341612999935	50.46666666666667
34.69968641799994	50.5
34.70357524799999	50.53333333333333
34.70668912299993	50.56666666666667
34.70958111300001	50.6
34.711155204999955	50.63333333333333
34.72759857199992	50.666666666666664
34.968410924999944	50.7
34.97597975899998	50.733333333333334
34.978361372999984	50.766666666666666
34.98474861599993	50.8
34.984962812999925	50.833333333333336
35.77316625799995	50.86666666666667
35.79448318200002	50.9
35.79758823199995	50.93333333333333
35.82910519500001	50.96666666666667
35.82927869699995	51.0
35.83100196199996	51.03333333333333
36.01109519900001	51.06666666666667
36.011230126999976	51.1
36.01204716799998	51.13333333333333
36.015194210999994	51.166666666666664
36.025814318000016	51.2
36.06766405499991	51.233333333333334
36.087262402999954	51.266666666666666
36.088508039999965	51.3
36.09105542999998	51.333333333333336
36.09941937499991	51.36666666666667
36.11036362599998	51.4
36.11077120499999	51.43333333333333
36.112513114999956	51.46666666666667
36.123094724	51.5
36.12593034099996	51.53333333333333
36.15208136599995	51.56666666666667
36.162635099	51.6
36.18139080499998	51.63333333333333
36.18338090199995	51.666666666666664
36.21016176899991	51.7
36.211415734999946	51.733333333333334
36.21321645699993	51.766666666666666
36.238418755	51.8
36.24954748899995	51.833333333333336
36.25301535199992	51.86666666666667
36.25315526600002	51.9
36.254792221	51.93333333333333
36.26163181499999	51.96666666666667
36.26694152599998	52.0
36.27327088499999	52.03333333333333
36.27409798399992	52.06666666666667
36.27606635199993	52.1
36.28035636499999	52.13333333333333
36.292437829999926	52.166666666666664
36.331541981999976	52.2
36.341367881	52.233333333333334
36.34468132699999	52.266666666666666
36.34831942400001	52.3
36.35215893199995	52.333333333333336
36.71269216999997	52.36666666666667
36.738756781000006	52.4
36.740622187999975	52.43333333333333
36.74700071199993	52.46666666666667
36.77527819799991	52.5
36.79255788799992	52.53333333333333
36.79756364699995	52.56666666666667
36.80211915799998	52.6
36.803317633999995	52.63333333333333
36.81969976999994	52.666666666666664
36.819957639999984	52.7
36.82335309999996	52.733333333333334
36.82700347899993	52.766666666666666
36.827575035999985	52.8
36.83080767499996	52.833333333333336
36.84038866499998	52.86666666666667
36.861944113999925	52.9
36.88158926799997	52.93333333333333
39.04292464599996	52.96666666666667
39.04759829699992	53.0
39.06055560899995	53.03333333333333
39.06178205799995	53.06666666666667
39.06194829699996	53.1
39.09235617999991	53.13333333333333
39.09441101499999	53.166666666666664
39.09576813299998	53.2
39.10674918500001	53.233333333333334
39.276342099999965	53.266666666666666
39.299309113999925	53.3
39.31320592999998	53.333333333333336
39.32640974699996	53.36666666666667
39.33264985699998	53.4
39.346748038999976	53.43333333333333
39.36630525499993	53.46666666666667
39.366653020999934	53.5
39.850017703999924	53.53333333333333
40.01453450099996	53.56666666666667
40.05268748399999	53.6
40.053170234999925	53.63333333333333
40.05759036899997	53.666666666666664
40.06273489299997	53.7
40.06362603899993	53.733333333333334
40.06419262099996	53.766666666666666
40.064998359000015	53.8
40.08933484900001	53.833333333333336
40.092751616999976	53.86666666666667
40.09298442099998	53.9
40.09744579099993	53.93333333333333
40.10564634100001	53.96666666666667
40.11052203499992	54.0
40.11367988799998	54.03333333333333
40.11560333399996	54.06666666666667
40.13339850199998	54.1
40.14480336399993	54.13333333333333
40.14967673000001	54.166666666666664
40.150422049999975	54.2
40.15544364999994	54.233333333333334
40.16624949699997	54.266666666666666
40.181500471999925	54.3
40.764304650999975	54.333333333333336
40.90772756699994	54.36666666666667
40.90868445499996	54.4
40.91624448999994	54.43333333333333
40.97527659299999	54.46666666666667
40.97682062199999	54.5
40.98433222899996	54.53333333333333
40.984494724	54.56666666666667
40.984869286999924	54.6
40.989023652000014	54.63333333333333
40.991458688999955	54.666666666666664
40.991496901000005	54.7
40.996908970999925	54.733333333333334
41.00013296199995	54.766666666666666
41.001782477000006	54.8
41.007247689999986	54.833333333333336
41.008030254000005	54.86666666666667
41.01303520499994	54.9
41.02957884199998	54.93333333333333
41.033581087000016	54.96666666666667
41.03403788999992	55.0
41.054703690999986	55.03333333333333
41.066055903999995	55.06666666666667
41.06892369100001	55.1
41.084680929	55.13333333333333
41.08868926999992	55.166666666666664
41.17202539899995	55.2
41.17855305399996	55.233333333333334
41.17886417699992	55.266666666666666
41.19743570899993	55.3
41.197595224	55.333333333333336
41.20014206999997	55.36666666666667
41.438258694999945	55.4
41.44987999	55.43333333333333
41.45317487799991	55.46666666666667
41.49353354999994	55.5
41.49864734199991	55.53333333333333
41.500124304999986	55.56666666666667
41.50620418999995	55.6
41.514274746999945	55.63333333333333
41.515053139999964	55.666666666666664
41.54503333699995	55.7
41.81969459300001	55.733333333333334
41.822078542999975	55.766666666666666
41.847767474999955	55.8
41.85047633699992	55.833333333333336
41.855361253999945	55.86666666666667
41.85864871299998	55.9
41.86875336999992	55.93333333333333
41.883545082999944	55.96666666666667
41.890000820999944	56.0
41.89046434499994	56.03333333333333
41.895433379999986	56.06666666666667
41.89682140799994	56.1
41.89821614300001	56.13333333333333
41.90032568799995	56.166666666666664
41.933129994999945	56.2
41.936616222	56.233333333333334
41.938877978999926	56.266666666666666
41.93962847399996	56.3
41.957969428999945	56.333333333333336
41.96166815599997	56.36666666666667
41.96995898699993	56.4
41.97019650300001	56.43333333333333
41.994047335000005	56.46666666666667
42.01270096600001	56.5
42.03538537099996	56.53333333333333
42.046847351	56.56666666666667
42.04899612499992	56.6
42.04996756899993	56.63333333333333
42.104804549999926	56.666666666666664
42.10495567999999	56.7
42.10596939300001	56.733333333333334
42.106195260999925	56.766666666666666
42.10755344400002	56.8
42.164091861999964	56.833333333333336
42.173763211999926	56.86666666666667
42.177474195999935	56.9
42.17975467399992	56.93333333333333
42.21302616599996	56.96666666666667
42.226702856999964	57.0
42.226852612000016	57.03333333333333
42.24069539899995	57.06666666666667
42.25758052699996	57.1
42.26194227199994	57.13333333333333
42.262728523999954	57.166666666666664
42.35323439399997	57.2
42.363204982999946	57.233333333333334
42.425792031000015	57.266666666666666
42.42856499099992	57.3
42.45041152299996	57.333333333333336
42.455881621	57.36666666666667
42.475666976999946	57.4
42.47624099500001	57.43333333333333
42.476428495999926	57.46666666666667
42.61865744099998	57.5
42.64143830799992	57.53333333333333
42.666466442	57.56666666666667
42.66765885399991	57.6
42.66871902799994	57.63333333333333
42.670432037999944	57.666666666666664
42.69039938399999	57.7
42.69132192899997	57.733333333333334
42.694555298999944	57.766666666666666
42.726668608999944	57.8
42.79004014499992	57.833333333333336
42.792309262	57.86666666666667
42.792501854999955	57.9
42.792959733999965	57.93333333333333
42.80218486599995	57.96666666666667
42.810790140999984	58.0
42.828386112999965	58.03333333333333
42.82954693800002	58.06666666666667
42.82969806299991	58.1
42.85651607099999	58.13333333333333
42.86136843399993	58.166666666666664
42.88860401799991	58.2
42.892874641999924	58.233333333333334
42.91562645299996	58.266666666666666
42.92257031299994	58.3
42.94595027399998	58.333333333333336
42.94925117699995	58.36666666666667
42.96142883099992	58.4
42.963540439999974	58.43333333333333
42.964215189000015	58.46666666666667
42.966384973000004	58.5
42.973287857999935	58.53333333333333
42.97676486499995	58.56666666666667
42.98349794899991	58.6
42.99339196599999	58.63333333333333
42.99474631999999	58.666666666666664
43.00562258899993	58.7
43.033865834999915	58.733333333333334
43.03951949499992	58.766666666666666
43.064808273999915	58.8
43.067118309999955	58.833333333333336
43.078511087999914	58.86666666666667
43.110567860999936	58.9
43.42602967199991	58.93333333333333
43.438164179999944	58.96666666666667
43.438964157999976	59.0
43.44070232899992	59.03333333333333
43.44383195499995	59.06666666666667
43.44771408199995	59.1
43.479405541999995	59.13333333333333
43.481536899999924	59.166666666666664
43.51669502599998	59.2
43.51870007899993	59.233333333333334
43.52192868599991	59.266666666666666
43.52350284199997	59.3
43.52682380199997	59.333333333333336
43.527894302999925	59.36666666666667
43.52834309399998	59.4
43.53206348200001	59.43333333333333
43.555444343999966	59.46666666666667
43.55688355199993	59.5
43.608347955	59.53333333333333
43.61248072000001	59.56666666666667
43.615046253999935	59.6
43.619216008999956	59.63333333333333
43.645743645999914	59.666666666666664
43.65176589800001	59.7
43.653232498999955	59.733333333333334
43.65919502499992	59.766666666666666
43.67263446300001	59.8
43.696444578999944	59.833333333333336
43.718702366	59.86666666666667
43.71983845799991	59.9
43.73499395900001	59.93333333333333
43.737501933999965	59.96666666666667
43.738700193	60.0
43.740374384999996	60.03333333333333
43.74702333799996	60.06666666666667
44.05481196799997	60.1
44.102694970000016	60.13333333333333
44.54653704599991	60.166666666666664
44.549841975999925	60.2
44.55400111899996	60.233333333333334
44.56168054699992	60.266666666666666
44.56403131999991	60.3
44.64404009599991	60.333333333333336
44.65479734099995	60.36666666666667
44.66900607799994	60.4
44.678685040999994	60.43333333333333
44.68068489399991	60.46666666666667
44.70919549500002	60.5
44.718450683000015	60.53333333333333
44.72166052499995	60.56666666666667
44.725034266999955	60.6
44.72767396400002	60.63333333333333
44.72879263599998	60.666666666666664
44.72977271599996	60.7
44.740502848999995	60.733333333333334
44.742211806	60.766666666666666
44.74814959599996	60.8
44.750313303999974	60.833333333333336
44.771344613	60.86666666666667
44.77891683600001	60.9
44.885679631000016	60.93333333333333
44.887697719000016	60.96666666666667
44.89192544799994	61.0
44.89256706599997	61.03333333333333
44.911357168999984	61.06666666666667
44.91164283899991	61.1
44.926796545	61.13333333333333
44.929165584999964	61.166666666666664
44.93005381099999	61.2
44.93261974699999	61.233333333333334
44.94350698199992	61.266666666666666
44.94758975100001	61.3
44.947825567999985	61.333333333333336
44.94798406999996	61.36666666666667
44.95309746499993	61.4
44.955621103	61.43333333333333
44.986576012	61.46666666666667
44.99478687699991	61.5
44.99610210200001	61.53333333333333
44.998452101	61.56666666666667
45.01077648799992	61.6
45.02708975999997	61.63333333333333
45.04616918800002	61.666666666666664
45.05273797399991	61.7
45.05603804599991	61.733333333333334
45.059624773999985	61.766666666666666
45.060924536000016	61.8
45.06553614099994	61.833333333333336
45.07527424099999	61.86666666666667
45.092306914999995	61.9
45.09489716199994	61.93333333333333
45.112553133999995	61.96666666666667
45.11369124299995	62.0
45.115748880999945	62.03333333333333
45.12117918699994	62.06666666666667
45.122778779999976	62.1
45.12348209999993	62.13333333333333
45.12508382499993	62.166666666666664
45.127168971999936	62.2
45.129614619999984	62.233333333333334
45.15486260900002	62.266666666666666
45.15700812599994	62.3
45.158345982000014	62.333333333333336
45.158502479999925	62.36666666666667
45.15923921299998	62.4
45.16130442499991	62.43333333333333
45.19153400199991	62.46666666666667
45.19214865599997	62.5
45.193399399999976	62.53333333333333
45.193553116999965	62.56666666666667
45.230092892000016	62.6
45.241393904999995	62.63333333333333
45.25557684799992	62.666666666666664
45.269023963999985	62.7
45.29415478699991	62.733333333333334
45.29567792	62.766666666666666
45.30941279000001	62.8
45.31167512000002	62.833333333333336
45.328674342	62.86666666666667
45.329174344999956	62.9
45.33614173899991	62.93333333333333
45.33906379399991	62.96666666666667
45.339546068000004	63.0
45.35354915999994	63.03333333333333
45.37627898199992	63.06666666666667
45.38466160600001	63.1
45.390635508999935	63.13333333333333
45.391567775	63.166666666666664
45.39500714999997	63.2
45.40075316799994	63.233333333333334
45.40408727800002	63.266666666666666
45.52560360799998	63.3
45.52656463999995	63.333333333333336
45.53686763799999	63.36666666666667
45.539203627999996	63.4
45.54023263099998	63.43333333333333
45.54210216399997	63.46666666666667
45.55717546300002	63.5
45.55944374899991	63.53333333333333
45.56396192799991	63.56666666666667
45.57888556599994	63.6
45.58262966799998	63.63333333333333
45.58547847900002	63.666666666666664
45.61084263999999	63.7
45.61777567399997	63.733333333333334
45.61908486499999	63.766666666666666
45.620207138999945	63.8
45.62547495599995	63.833333333333336
45.62684675899993	63.86666666666667
45.88741594299995	63.9
45.90515448399992	63.93333333333333
45.929702409000015	63.96666666666667
45.93059966199996	64.0
45.93209531699995	64.03333333333333
45.933291883999914	64.06666666666666
45.935192047999976	64.1
45.94011696399991	64.13333333333334
46.18789649099995	64.16666666666667
46.190917807000005	64.2
46.191553915999975	64.23333333333333
46.26391372699993	64.26666666666667
46.26972935200001	64.3
46.27971420999995	64.33333333333333
46.312781843999915	64.36666666666666
46.33067060099995	64.4
46.33311724999999	64.43333333333334
46.337096816999974	64.46666666666667
46.341205858999956	64.5
46.342018017999976	64.53333333333333
46.345679776	64.56666666666666
46.35465807999992	64.6
46.38645465000002	64.63333333333334
46.63930690099994	64.66666666666667
46.643408327999964	64.7
46.64674120099994	64.73333333333333
46.65953604899994	64.76666666666667
46.663484176	64.8
46.66474523799991	64.83333333333333
46.67630762800002	64.86666666666666
46.683304495000016	64.9
46.68641512199997	64.93333333333334
46.692720048999945	64.96666666666667
46.69834928199998	65.0
46.69899760599992	65.03333333333333
46.71731678799995	65.06666666666666
46.718432603	65.1
46.71965490299999	65.13333333333334
46.725021212	65.16666666666667
46.93766151799991	65.2
47.09565890800002	65.23333333333333
47.13176140299993	65.26666666666667
47.16881954999997	65.3
47.17047194999998	65.33333333333333
47.193531011999994	65.36666666666666
47.36704007499998	65.4
47.37464591899993	65.43333333333334
47.40600098599998	65.46666666666667
47.40697188799993	65.5
47.41625432899991	65.53333333333333
47.41754886399997	65.56666666666666
47.42059279	65.6
47.42104268999992	65.63333333333334
47.43820895199997	65.66666666666667
47.61347543399995	65.7
47.61723081599996	65.73333333333333
47.633047193999914	65.76666666666667
47.65325527300001	65.8
47.672345683	65.83333333333333
47.67359561599994	65.86666666666666
47.67912407899996	65.9
47.69524127699992	65.93333333333334
47.702588920999915	65.96666666666667
47.72579491699992	66.0
47.73309368499997	66.03333333333333
47.73544542999991	66.06666666666666
47.738809124	66.1
47.83510089599997	66.13333333333334
47.859745207999936	66.16666666666667
47.86054002200001	66.2
47.88308972599998	66.23333333333333
47.88598107600001	66.26666666666667
47.889637807999975	66.3
47.90166612899998	66.33333333333333
47.91205988999991	66.36666666666666
47.91390943499994	66.4
47.915307772999995	66.43333333333334
47.92186183899992	66.46666666666667
47.924031327999955	66.5
48.41910093000001	66.53333333333333
48.42060858299999	66.56666666666666
48.42209155299997	66.6
48.42331422099994	66.63333333333334
48.425262639999914	66.66666666666667
48.46573764899995	66.7
48.46585358200002	66.73333333333333
48.466238514	66.76666666666667
48.46740240600002	66.8
48.49195281099992	66.83333333333333
48.50096050100001	66.86666666666666
48.508066812999914	66.9
48.51164237699993	66.93333333333334
48.54314287599993	66.96666666666667
48.55807125799993	67.0
48.55910724199998	67.03333333333333
48.55955669000002	67.06666666666666
48.56153486099993	67.1
48.57045526999991	67.13333333333334
48.57188303199996	67.16666666666667
48.57261649499992	67.2
48.577173079999966	67.23333333333333
48.58159722999994	67.26666666666667
48.585244655999986	67.3
48.585440006	67.33333333333333
48.587542825000014	67.36666666666666
48.59216802699996	67.4
48.72976122499995	67.43333333333334
48.74064443499992	67.46666666666667
48.74375959099996	67.5
48.74825009699998	67.53333333333333
48.752632328999994	67.56666666666666
48.75427354999999	67.6
48.78232677400001	67.63333333333334
48.78504942099994	67.66666666666667
48.79112368400001	67.7
48.79685301299992	67.73333333333333
48.83313219899992	67.76666666666667
48.842270387999974	67.8
48.854025607999915	67.83333333333333
48.856617777	67.86666666666666
48.862317888999996	67.9
48.86314007599992	67.93333333333334
48.86443241099994	67.96666666666667
48.89767443899996	68.0
49.22502552799995	68.03333333333333
49.25468313299996	68.06666666666666
49.27413143299998	68.1
49.28038857799993	68.13333333333334
49.28129558499995	68.16666666666667
49.283085091999965	68.2
49.297182711999994	68.23333333333333
49.298860797999964	68.26666666666667
49.42717968499994	68.3
49.43497557899991	68.33333333333333
49.451795253	68.36666666666666
49.45343078999997	68.4
49.45647914400001	68.43333333333334
49.50639451299992	68.46666666666667
49.51429098599999	68.5
49.53774872099996	68.53333333333333
49.539339584000004	68.56666666666666
49.54517203299997	68.6
49.54583927199997	68.63333333333334
49.57667956900002	68.66666666666667
49.60289734899993	68.7
49.63188422399992	68.73333333333333
49.64128908199996	68.76666666666667
49.64662162000002	68.8
49.826450585999964	68.83333333333333
49.82722859599994	68.86666666666666
49.82977742799994	68.9
49.93263078299992	68.93333333333334
49.95777018399997	68.96666666666667
49.979786488999935	69.0
50.00125528299998	69.03333333333333
50.01307045699991	69.06666666666666
50.01565683599995	69.1
50.09509176400002	69.13333333333334
50.09644516200001	69.16666666666667
50.10789449999993	69.2
50.10973124199995	69.23333333333333
50.11252214399997	69.26666666666667
50.112805323999964	69.3
50.11339063499997	69.33333333333333
50.122514544999945	69.36666666666666
50.137325182999916	69.4
50.25467601899993	69.43333333333334
50.257451543	69.46666666666667
50.27497478800001	69.5
50.278289626999936	69.53333333333333
50.28376872699994	69.56666666666666
50.29211656799998	69.6
50.294423746999996	69.63333333333334
50.302660610999965	69.66666666666667
50.32716501199991	69.7
50.34744239700001	69.73333333333333
50.367253378999976	69.76666666666667
50.42079734599997	69.8
50.43630383999994	69.83333333333333
50.46012072799999	69.86666666666666
51.263677626	69.9
51.310442877000014	69.93333333333334
51.31979239299994	69.96666666666667
51.32007884199993	70.0
51.32325204699998	70.03333333333333
51.503731771999924	70.06666666666666
51.507663616999935	70.1
51.50880575399992	70.13333333333334
51.510966370999995	70.16666666666667
51.513294599999995	70.2
51.82615052400001	70.23333333333333
51.826294339000015	70.26666666666667
51.83504958499998	70.3
51.83636335999995	70.33333333333333
51.83727933499995	70.36666666666666
51.83749590699995	70.4
51.83839787199997	70.43333333333334
51.84375394199992	70.46666666666667
51.84896780299994	70.5
51.84937611199996	70.53333333333333
51.84984468199991	70.56666666666666
51.85738323499993	70.6
51.87264393999999	70.63333333333334
51.87516769599995	70.66666666666667
51.879662623999934	70.7
51.88050873299994	70.73333333333333
51.898052125999925	70.76666666666667
52.04973922800002	70.8
52.066611480000006	70.83333333333333
52.06958441699999	70.86666666666666
52.100912157999915	70.9
52.120251456000005	70.93333333333334
52.12227683100002	70.96666666666667
52.126519057999985	71.0
52.12751950299992	71.03333333333333
52.127663772000005	71.06666666666666
52.212713264999934	71.1
52.22577325599991	71.13333333333334
52.257991586	71.16666666666667
52.26565681499994	71.2
52.45935227799998	71.23333333333333
52.471726314999955	71.26666666666667
52.47346191199995	71.3
52.48493062299997	71.33333333333333
52.48742605399991	71.36666666666666
52.51176258099997	71.4
52.51230096799998	71.43333333333334
52.524629714999946	71.46666666666667
52.56124991799993	71.5
52.56190934699998	71.53333333333333
52.56981419099998	71.56666666666666
52.59873345300002	71.6
52.600454497999976	71.63333333333334
52.60142930999996	71.66666666666667
52.95341874199994	71.7
52.954711076999956	71.73333333333333
52.959551894000015	71.76666666666667
52.96338217699997	71.8
52.965128601999936	71.83333333333333
53.34439699999996	71.86666666666666
53.34502973999997	71.9
53.345485584000016	71.93333333333334
53.350201802000015	71.96666666666667
53.35681044499995	72.0
53.367874917999984	72.03333333333333
53.39432010899998	72.06666666666666
53.400955135000004	72.1
53.407735677000005	72.13333333333334
53.42375230899995	72.16666666666667
53.44381656799999	72.2
53.539838832999976	72.23333333333333
53.55040644899998	72.26666666666667
53.55569197099999	72.3
54.06429858299998	72.33333333333333
54.070099733999996	72.36666666666666
54.07452460100001	72.4
54.08206677399994	72.43333333333334
54.092581429000006	72.46666666666667
54.11168099600002	72.5
54.11185864799995	72.53333333333333
54.113457918999984	72.56666666666666
54.11479586299993	72.6
54.13191387899997	72.63333333333334
54.71420080500002	72.66666666666667
54.72787631299991	72.7
54.73391409299995	72.73333333333333
54.74733988599996	72.76666666666667
54.755731792000006	72.8
54.75696293699991	72.83333333333333
54.757392557	72.86666666666666
54.783148586999914	72.9
54.78875945599998	72.93333333333334
54.79700215799994	72.96666666666667
54.83151439300002	73.0
54.83375339600002	73.03333333333333
54.83412074199998	73.06666666666666
54.836286369999925	73.1
54.83896480299995	73.13333333333334
54.84524202199998	73.16666666666667
54.84584057400002	73.2
54.86347386099999	73.23333333333333
54.86532150599999	73.26666666666667
54.87084668399996	73.3
54.87563288000001	73.33333333333333
54.88965713499999	73.36666666666666
54.89261795899995	73.4
54.90125440399993	73.43333333333334
54.906695334999995	73.46666666666667
54.90880376399991	73.5
54.91479566199996	73.53333333333333
54.91563023599997	73.56666666666666
54.925127122999925	73.6
54.935633700999915	73.63333333333334
54.93954213299992	73.66666666666667
54.98959022600002	73.7
54.991638559999956	73.73333333333333
54.99404258499999	73.76666666666667
55.001865038999995	73.8
55.377755858	73.83333333333333
55.381908212999974	73.86666666666666
55.69336348699994	73.9
55.69424147899997	73.93333333333334
55.69615783699999	73.96666666666667
55.702633322	74.0
55.71824381399995	74.03333333333333
55.71966035899993	74.06666666666666
55.72010193599999	74.1
55.72081982499992	74.13333333333334
55.80734296899993	74.16666666666667
55.80820766599993	74.2
55.812695152999936	74.23333333333333
56.039709517000006	74.26666666666667
56.041051960999994	74.3
56.04320931399991	74.33333333333333
56.043940819	74.36666666666666
56.04500555099992	74.4
56.046405188999984	74.43333333333334
56.10660074599991	74.46666666666667
56.111367026999915	74.5
56.11219110899992	74.53333333333333
56.12785246499993	74.56666666666666
56.130087379999964	74.6
56.137969139999996	74.63333333333334
56.14241675799997	74.66666666666667
56.14487728500001	74.7
56.172962083000016	74.73333333333333
56.177433151999935	74.76666666666667
56.179648414999974	74.8
56.20258902699993	74.83333333333333
56.28547369299997	74.86666666666666
56.30010563199994	74.9
56.31123998700002	74.93333333333334
56.31964514099991	74.96666666666667
56.32234675299992	75.0
56.38575081499994	75.03333333333333
56.39021600399997	75.06666666666666
56.39866825299998	75.1
56.404267162999986	75.13333333333334
56.40684783699999	75.16666666666667
56.40767501899995	75.2
56.41295514000001	75.23333333333333
56.41778649899993	75.26666666666667
56.43095287099993	75.3
56.45437513799993	75.33333333333333
56.45467314299992	75.36666666666666
56.45652789500002	75.4
56.459032746999924	75.43333333333334
56.45954028699998	75.46666666666667
56.467784266999956	75.5
56.47260594499994	75.53333333333333
56.477891651999926	75.56666666666666
56.48203309099995	75.6
56.493866486	75.63333333333334
56.537673143999996	75.66666666666667
56.53970612599994	75.7
56.550849814	75.73333333333333
56.55329191699991	75.76666666666667
56.553599555000005	75.8
56.55554239899993	75.83333333333333
56.556379198999934	75.86666666666666
56.57807947499998	75.9
56.59171881499992	75.93333333333334
56.59256145899997	75.96666666666667
56.593788340999936	76.0
56.595948310999916	76.03333333333333
56.898333445999924	76.06666666666666
56.90369964399997	76.1
56.930359263000014	76.13333333333334
56.94075442499991	76.16666666666667
56.94214462699995	76.2
56.94455623199997	76.23333333333333
56.94644799399998	76.26666666666667
57.187457033999976	76.3
57.18812885099999	76.33333333333333
57.19101694799997	76.36666666666666
57.19116388599991	76.4
57.19207496799993	76.43333333333334
57.19224577399996	76.46666666666667
57.216780632999985	76.5
57.21734772699995	76.53333333333333
57.217731398999945	76.56666666666666
57.21959781800001	76.6
57.360215100999994	76.63333333333334
57.36972985900002	76.66666666666667
57.70228858600001	76.7
57.76862926499996	76.73333333333333
57.769216558999915	76.76666666666667
57.77732468800002	76.8
57.77863318099992	76.83333333333333
57.79572188399993	76.86666666666666
58.061102072999915	76.9
58.06680496399997	76.93333333333334
58.07223257199996	76.96666666666667
58.07250789099999	77.0
58.074006951	77.03333333333333
58.07570921199999	77.06666666666666
58.07725111000002	77.1
58.07737474299995	77.13333333333334
58.11369023499992	77.16666666666667
58.11408659899996	77.2
58.119542379999984	77.23333333333333
58.12340230899997	77.26666666666667
58.13781932999996	77.3
58.154609488000006	77.33333333333333
58.16418610400001	77.36666666666666
58.16495298899997	77.4
58.17466529899991	77.43333333333334
58.17540490199997	77.46666666666667
58.18028500999992	77.5
58.187062878000006	77.53333333333333
58.189602942999954	77.56666666666666
58.19406094499993	77.6
58.19577830999992	77.63333333333334
58.19709555700001	77.66666666666667
58.199709805	77.7
58.208137001999944	77.73333333333333
58.228884756999946	77.76666666666667
58.22919067099997	77.8
58.23051953899994	77.83333333333333
58.23841593999998	77.86666666666666
58.24258270099995	77.9
58.251313503999995	77.93333333333334
58.26466471799995	77.96666666666667
58.32790966799996	78.0
60.77631478799992	78.03333333333333
60.79059860899997	78.06666666666666
60.79222795499993	78.1
60.79305737499999	78.13333333333334
60.79535994499997	78.16666666666667
60.79684405699993	78.2
60.805174653999984	78.23333333333333
60.822715562999974	78.26666666666667
60.82391828200002	78.3
60.83646251899995	78.33333333333333
60.83847622999997	78.36666666666666
60.87276100999998	78.4
60.89644480300001	78.43333333333334
60.90664597399996	78.46666666666667
60.91601346300001	78.5
60.920927151	78.53333333333333
60.92366160500001	78.56666666666666
60.927395376999925	78.6
61.36228137799992	78.63333333333334
61.50125876699997	78.66666666666667
61.53168563399993	78.7
61.545372285999974	78.73333333333333
61.55244828699995	78.76666666666667
61.70715986699997	78.8
61.710397120999914	78.83333333333333
61.724681413999974	78.86666666666666
61.73187153099991	78.9
61.74007583699995	78.93333333333334
61.74314704199992	78.96666666666667
61.74395217799997	79.0
61.76631803399994	79.03333333333333
61.79109800699996	79.06666666666666
61.82587319300001	79.1
61.82976568099991	79.13333333333334
61.83194308299994	79.16666666666667
61.93426831099998	79.2
61.94917061299998	79.23333333333333
61.95096189100002	79.26666666666667
61.967033399	79.3
61.968775983	79.33333333333333
61.96977115699997	79.36666666666666
61.97861744799991	79.4
61.978711695000015	79.43333333333334
62.00451459699991	79.46666666666667
62.01561686299999	79.5
62.016999675999955	79.53333333333333
62.01743885499991	79.56666666666666
62.242375777999996	79.6
62.245054238999955	79.63333333333334
62.25183204099994	79.66666666666667
62.27094322999994	79.7
62.273761465999996	79.73333333333333
62.27956586999994	79.76666666666667
62.28406313300002	79.8
62.303234976	79.83333333333333
62.33312593400001	79.86666666666666
62.494685502999914	79.9
62.494851093999955	79.93333333333334
62.50592226999993	79.96666666666667
62.51146458400001	80.0
62.51214176199994	80.03333333333333
62.51301349999994	80.06666666666666
62.54684956099993	80.1
62.54768878199991	80.13333333333334
62.58021765000001	80.16666666666667
62.58225113499998	80.2
62.60145499099997	80.23333333333333
62.605911152999965	80.26666666666667
62.63392101499994	80.3
62.646648766	80.33333333333333
62.646954843	80.36666666666666
62.64752208199991	80.4
62.648665146999974	80.43333333333334
62.73551536100001	80.46666666666667
62.74967746200002	80.5
62.94393344599996	80.53333333333333
62.94543045499995	80.56666666666666
62.974654742999974	80.6
62.97645131499996	80.63333333333334
62.97870237099994	80.66666666666667
62.98149944199997	80.7
62.982647454000016	80.73333333333333
62.98978753099993	80.76666666666667
63.07663722500001	80.8
63.07801715400001	80.83333333333333
63.07827022099991	80.86666666666666
63.10826271600001	80.9
63.152870484000005	80.93333333333334
63.165822960000014	80.96666666666667
63.166255399999955	81.0
63.19102497099993	81.03333333333333
63.19295911400002	81.06666666666666
63.196944188999964	81.1
63.19784693399993	81.13333333333334
63.20218501499994	81.16666666666667
63.206962424999915	81.2
63.21089644299991	81.23333333333333
63.41134624699998	81.26666666666667
63.41168002500001	81.3
63.416528315999926	81.33333333333333
63.42127765700002	81.36666666666666
63.428591697	81.4
63.428705982999986	81.43333333333334
63.432582940999964	81.46666666666667
63.433689899	81.5
63.44869362099996	81.53333333333333
63.46315882800002	81.56666666666666
63.46672480899997	81.6
63.47941885399996	81.63333333333334
63.48311719399999	81.66666666666667
63.487195398999916	81.7
63.49018501599994	81.73333333333333
63.498035530999914	81.76666666666667
63.500928967999926	81.8
63.50833237199993	81.83333333333333
63.685503573000005	81.86666666666666
63.699628889999985	81.9
63.70499589799999	81.93333333333334
63.70852493199993	81.96666666666667
63.712005647999945	82.0
63.740168100999995	82.03333333333333
63.74076971900001	82.06666666666666
63.745784662000005	82.1
63.747483441999975	82.13333333333334
63.748306095999965	82.16666666666667
63.75032037699998	82.2
63.75434036999991	82.23333333333333
63.756176632000006	82.26666666666667
63.76199697300001	82.3
63.76277890099993	82.33333333333333
63.76834784099992	82.36666666666666
63.769775366999966	82.4
63.77025516899994	82.43333333333334
63.77256034099992	82.46666666666667
63.784446946	82.5
64.20189464199996	82.53333333333333
64.24114619900001	82.56666666666666
64.24217346699993	82.6
64.30900773600001	82.63333333333334
64.32035824000002	82.66666666666667
64.326328741	82.7
64.33167521299993	82.73333333333333
64.33304505000001	82.76666666666667
64.33404237399998	82.8
64.52061467199997	82.83333333333333
64.523524469	82.86666666666666
64.53502779399992	82.9
64.75152358999992	82.93333333333334
64.79105780099997	82.96666666666667
64.79195292899999	83.0
64.79233663399998	83.03333333333333
64.79320966	83.06666666666666
64.794283501	83.1
64.79483266900002	83.13333333333334
64.79615782799999	83.16666666666667
64.80190434399992	83.2
64.80351532499992	83.23333333333333
64.81190265399994	83.26666666666667
64.81598915999996	83.3
64.81688181799996	83.33333333333333
64.82007702599992	83.36666666666666
64.82298203999994	83.4
64.82329316199991	83.43333333333334
64.82390340699999	83.46666666666667
64.82661654499998	83.5
64.82960881700001	83.53333333333333
64.83300748299996	83.56666666666666
64.85346821799999	83.6
64.85377085099992	83.63333333333334
64.86067653499993	83.66666666666667
64.87658254399992	83.7
64.91095200199993	83.73333333333333
64.91403150600001	83.76666666666667
64.92865273899997	83.8
64.93685846199992	83.83333333333333
64.94465802799994	83.86666666666666
65.07083341199996	83.9
65.08809018199997	83.93333333333334
65.10216884299996	83.96666666666667
65.102314643	84.0
65.10306096499994	84.03333333333333
65.10392034199992	84.06666666666666
65.20809677399996	84.1
65.226374652	84.13333333333334
65.24055224299991	84.16666666666667
65.24205093	84.2
65.242364576	84.23333333333333
65.24890012899994	84.26666666666667
65.26767044600001	84.3
65.26792228599993	84.33333333333333
65.269388821	84.36666666666666
65.28065184599996	84.4
65.28876496800001	84.43333333333334
65.29027922699993	84.46666666666667
65.29158991899999	84.5
65.29276186200002	84.53333333333333
65.29402140299999	84.56666666666666
65.32740367999997	84.6
65.34629043299992	84.63333333333334
65.36618221799995	84.66666666666667
65.36671973	84.7
65.36993035199998	84.73333333333333
65.58863006799993	84.76666666666667
65.59379797299994	84.8
65.60006633499995	84.83333333333333
65.60694767500001	84.86666666666666
65.60901528699992	84.9
65.62266893399999	84.93333333333334
65.65175723999994	84.96666666666667
65.65920543799996	85.0
65.659618432	85.03333333333333
65.66898296499994	85.06666666666666
65.68747285799998	85.1
65.70972462999998	85.13333333333334
65.786117365	85.16666666666667
65.78651388100002	85.2
65.78666528499991	85.23333333333333
65.79060510399995	85.26666666666667
65.79406875099994	85.3
65.82474816199999	85.33333333333333
66.37517547199991	85.36666666666666
66.43230417999996	85.4
66.43333433599992	85.43333333333334
66.46566604499992	85.46666666666667
66.472502771	85.5
66.47434330299996	85.53333333333333
66.47752542299997	85.56666666666666
66.482289197	85.6
66.73768038899993	85.63333333333334
66.74630099299998	85.66666666666667
66.74881035299995	85.7
66.74931608199995	85.73333333333333
66.75291522199996	85.76666666666667
66.76211611299993	85.8
66.76254952	85.83333333333333
66.76613936399997	85.86666666666666
66.76964219499996	85.9
66.781585372	85.93333333333334
66.83719716600001	85.96666666666667
66.842544116	86.0
66.88365080099993	86.03333333333333
66.885458395	86.06666666666666
66.889389843	86.1
66.89709891399991	86.13333333333334
66.91569534199994	86.16666666666667
66.91695711599994	86.2
66.91709095399995	86.23333333333333
66.92612846399993	86.26666666666667
66.92706850399998	86.3
66.94735013899992	86.33333333333333
66.94856990999995	86.36666666666666
66.951667542	86.4
66.97276433399998	86.43333333333334
66.97388708899996	86.46666666666667
66.97405378899998	86.5
66.980713778	86.53333333333333
66.98166511099998	86.56666666666666
66.98452375699992	86.6
66.98680843799991	86.63333333333334
66.99881292199996	86.66666666666667
66.99929848800002	86.7
67.00039933699998	86.73333333333333
67.034253401	86.76666666666667
67.07211664199997	86.8
67.08838578899997	86.83333333333333
67.09496520699997	86.86666666666666
67.168877071	86.9
67.17518775999997	86.93333333333334
67.18839682999999	86.96666666666667
67.21954632999996	87.0
67.22605663399997	87.03333333333333
67.23863266599994	87.06666666666666
67.24974891900001	87.1
67.325353307	87.13333333333334
67.32758671599993	87.16666666666667
67.34160082300002	87.2
67.34441404999995	87.23333333333333
67.36229096599993	87.26666666666667
67.369483027	87.3
67.37396804599996	87.33333333333333
67.37553614599994	87.36666666666666
67.64165752099996	87.4
67.64303251899992	87.43333333333334
67.67367421400002	87.46666666666667
67.676350264	87.5
67.67885864099992	87.53333333333333
67.68229573399992	87.56666666666666
67.75298822799994	87.6
67.78153462199998	87.63333333333334
67.78714884499993	87.66666666666667
67.95332054099993	87.7
67.95536746099992	87.73333333333333
67.96311993199993	87.76666666666667
67.96626794499991	87.8
67.97766037499991	87.83333333333333
68.037466859	87.86666666666666
68.04613222799992	87.9
68.25950617899991	87.93333333333334
68.260644909	87.96666666666667
68.26295123099999	88.0
68.26563043599992	88.03333333333333
68.27289504499993	88.06666666666666
68.28154527699996	88.1
68.28431577699996	88.13333333333334
68.30278258099997	88.16666666666667
68.40348093499995	88.2
68.40542829399999	88.23333333333333
68.40576159499994	88.26666666666667
68.41001303600001	88.3
68.41055272599999	88.33333333333333
68.411730627	88.36666666666666
68.41214248999995	88.4
68.41255747299999	88.43333333333334
68.41317441299998	88.46666666666667
68.41874613099992	88.5
68.44104476500002	88.53333333333333
68.52975394999999	88.56666666666666
68.53058507499998	88.6
68.53972004899992	88.63333333333334
68.65460294000002	88.66666666666667
68.65565581399994	88.7
68.67706105999991	88.73333333333333
68.677779569	88.76666666666667
68.94386694599996	88.8
68.95585918400002	88.83333333333333
69.11973540299994	88.86666666666666
69.17556855099997	88.9
69.17663665299995	88.93333333333334
69.179647488	88.96666666666667
69.19144585899994	89.0
69.19504931899996	89.03333333333333
69.20336561599993	89.06666666666666
69.20968124000001	89.1
69.22982438199995	89.13333333333334
69.23266056799991	89.16666666666667
69.237617226	89.2
69.25541244499993	89.23333333333333
69.25868370399996	89.26666666666667
69.26065004399993	89.3
69.26604281599998	89.33333333333333
69.272509883	89.36666666666666
69.29508084700001	89.4
69.30284928799995	89.43333333333334
69.312387478	89.46666666666667
69.31439067399992	89.5
69.315112183	89.53333333333333
69.31575274099998	89.56666666666666
69.31679323999992	89.6
69.31723380300002	89.63333333333334
69.33235243399997	89.66666666666667
69.33609743799991	89.7
69.34185895500002	89.73333333333333
69.34237173700001	89.76666666666667
69.34752082099999	89.8
69.36468305400001	89.83333333333333
69.36974733599993	89.86666666666666
69.37191086799999	89.9
69.41796980899994	89.93333333333334
69.46885669599999	89.96666666666667
69.47299537499998	90.0
69.48010945699991	90.03333333333333
69.48165494799991	90.06666666666666
69.48836845999995	90.1
69.50891110399994	90.13333333333334
69.61374854299993	90.16666666666667
69.64252310999996	90.2
69.64384960099994	90.23333333333333
69.64505823699994	90.26666666666667
69.64533967900002	90.3
69.64567576299999	90.33333333333333
69.65074453499994	90.36666666666666
69.65187329399998	90.4
69.65685932399992	90.43333333333334
69.66365761999998	90.46666666666667
69.66450931999998	90.5
69.67968368799995	90.53333333333333
69.68716562700001	90.56666666666666
69.70881644600001	90.6
69.73525395299998	90.63333333333334
69.74174741699994	90.66666666666667
69.74879347299998	90.7
69.74920249499996	90.73333333333333
69.75490181399994	90.76666666666667
69.75869954500001	90.8
70.04651844199998	90.83333333333333
70.07740582399992	90.86666666666666
70.09526758099992	90.9
70.10101615499991	90.93333333333334
70.12029674199994	90.96666666666667
70.12333334699997	91.0
70.136788658	91.03333333333333
70.14839463099997	91.06666666666666
70.15014785300002	91.1
70.17547516399998	91.13333333333334
70.19466326700001	91.16666666666667
70.206725602	91.2
70.21063102400001	91.23333333333333
70.21373905299993	91.26666666666667
70.21779788999993	91.3
70.21937588699996	91.33333333333333
70.22793529299997	91.36666666666666
70.26560665799991	91.4
70.27372095699991	91.43333333333334
70.281101864	91.46666666666667
70.287248277	91.5
70.291660837	91.53333333333333
70.298880639	91.56666666666666
70.30310585299992	91.6
70.30920244899994	91.63333333333334
70.31221066499995	91.66666666666667
70.31277919599995	91.7
70.314387227	91.73333333333333
70.31658619899997	91.76666666666667
70.32842123	91.8
70.33668731499995	91.83333333333333
70.33765869899992	91.86666666666666
70.33954799899993	91.9
70.34466298799998	91.93333333333334
70.34644238999999	91.96666666666667
70.34837402699998	92.0
70.35005004499999	92.03333333333333
70.35304599400001	92.06666666666666
70.38781936199996	92.1
70.40634620999992	92.13333333333334
70.40819881999994	92.16666666666667
70.41057447699995	92.2
70.41264886900001	92.23333333333333
70.42203974899996	92.26666666666667
70.43691320599999	92.3
70.44111582599999	92.33333333333333
70.44736639500002	92.36666666666666
70.44940044999998	92.4
70.44983903000002	92.43333333333334
70.476536732	92.46666666666667
70.48579508399996	92.5
70.48602808299995	92.53333333333333
70.48934956699998	92.56666666666666
70.49858982299997	92.6
70.49983252499999	92.63333333333334
70.502080525	92.66666666666667
70.67125182399991	92.7
70.67622584200001	92.73333333333333
70.68696990899991	92.76666666666667
70.79503740500002	92.8
70.79679674599993	92.83333333333333
71.01334388099997	92.86666666666666
71.03360155399992	92.9
71.05803273200002	92.93333333333334
71.09388279999996	92.96666666666667
71.09479915899999	93.0
71.75239498399992	93.03333333333333
71.75435431300002	93.06666666666666
71.75513717799993	93.1
71.82294758399996	93.13333333333334
71.82348517699995	93.16666666666667
71.82377206899992	93.2
71.85846374300002	93.23333333333333
71.87639796899998	93.26666666666667
71.88016823499993	93.3
71.88200168200001	93.33333333333333
71.91615598599992	93.36666666666666
71.91908717399997	93.4
72.169735102	93.43333333333334
72.43522961999997	93.46666666666667
72.46464612399996	93.5
72.48767609799995	93.53333333333333
72.49002795899992	93.56666666666666
72.49888469799998	93.6
72.50120544699996	93.63333333333334
72.511457253	93.66666666666667
72.54288249000001	93.7
72.55210195400002	93.73333333333333
72.56677673999991	93.76666666666667
72.56737509699997	93.8
72.56775039499996	93.83333333333333
72.56797625000002	93.86666666666666
72.57707212999992	93.9
72.58094133700001	93.93333333333334
72.58364836299995	93.96666666666667
72.58503933700001	94.0
72.59169755199991	94.03333333333333
72.66635157899998	94.06666666666666
72.69786552300002	94.1
72.69840489299997	94.13333333333334
72.70619343399994	94.16666666666667
72.70642509899994	94.2
72.709349836	94.23333333333333
72.71357215699993	94.26666666666667
72.723408447	94.3
72.72775831799993	94.33333333333333
72.75644257499994	94.36666666666666
72.75846223600001	94.4
72.766129794	94.43333333333334
72.77270868099993	94.46666666666667
72.792848209	94.5
72.80077920199994	94.53333333333333
72.80099987799997	94.56666666666666
72.81203186999994	94.6
72.81332809899993	94.63333333333334
72.81399323699998	94.66666666666667
72.82989359999999	94.7
72.83210870199991	94.73333333333333
72.833008006	94.76666666666667
72.85564813299993	94.8
72.876953802	94.83333333333333
72.87986219899994	94.86666666666666
72.88261466299991	94.9
72.891823208	94.93333333333334
72.90834178900002	94.96666666666667
72.93037812199998	95.0
72.93237022799997	95.03333333333333
72.93399621699996	95.06666666666666
72.93572802099993	95.1
72.93945964	95.13333333333334
72.95627991699996	95.16666666666667
72.95876241299993	95.2
72.96711621600002	95.23333333333333
72.96742269899994	95.26666666666667
72.97251380199998	95.3
72.97790450599996	95.33333333333333
72.98342332300001	95.36666666666666
73.00931685899991	95.4
73.01160261099994	95.43333333333334
73.01227341200001	95.46666666666667
73.01669222499993	95.5
73.01956812200001	95.53333333333333
73.052551311	95.56666666666666
73.09005994999995	95.6
73.117089696	95.63333333333334
73.12542186999997	95.66666666666667
73.12958594499992	95.7
73.14042371599999	95.73333333333333
73.34092883699998	95.76666666666667
73.35636202299997	95.8
73.36327288299992	95.83333333333333
73.39468210099994	95.86666666666666
73.40026114799991	95.9
73.437026016	95.93333333333334
73.47387401799995	95.96666666666667
73.76469667399999	96.0
73.77360883400002	96.03333333333333
73.79978791600001	96.06666666666666
73.80399610199993	96.1
73.85506649599995	96.13333333333334
73.86370499700001	96.16666666666667
73.86779183299996	96.2
74.13471116899996	96.23333333333333
74.13722116299994	96.26666666666667
74.15111496399993	96.3
74.15503516799993	96.33333333333333
74.15702403599994	96.36666666666666
74.157180423	96.4
74.15907983799991	96.43333333333334
74.16292766899994	96.46666666666667
74.16726682499996	96.5
74.17003187499995	96.53333333333333
74.18374141499999	96.56666666666666
74.18628623099994	96.6
74.211179539	96.63333333333334
74.21188998899993	96.66666666666667
74.22600190100002	96.7
74.23955677099991	96.73333333333333
74.28214784	96.76666666666667
74.28250204699998	96.8
74.28729183899998	96.83333333333333
74.28829654100002	96.86666666666666
74.31203944200001	96.9
74.313321814	96.93333333333334
74.33646931099997	96.96666666666667
74.33763441499991	97.0
74.34069450899995	97.03333333333333
74.34631287699995	97.06666666666666
74.72237820299995	97.1
74.80109846199991	97.13333333333334
74.80664963200002	97.16666666666667
74.82467400500002	97.2
74.82506048899995	97.23333333333333
74.82668364899996	97.26666666666667
74.85673663	97.3
74.85708210799999	97.33333333333333
74.86189337899998	97.36666666666666
74.87140992599996	97.4
74.87822139499997	97.43333333333334
74.87869290399999	97.46666666666667
74.88240767499997	97.5
74.88727578299995	97.53333333333333
74.887514012	97.56666666666666
74.89297061399998	97.6
74.91084992499998	97.63333333333334
74.91450549599995	97.66666666666667
74.92075073199999	97.7
74.92108631600001	97.73333333333333
74.92206961599993	97.76666666666667
74.94502748499997	97.8
74.94568965999997	97.83333333333333
74.94837390199996	97.86666666666666
74.94851314300001	97.9
74.95331260499995	97.93333333333334
74.96786924699995	97.96666666666667
74.97179504099995	98.0
74.97613608699999	98.03333333333333
74.98202699799992	98.06666666666666
74.98722586199995	98.1
75.04221197599998	98.13333333333334
75.05550256999993	98.16666666666667
75.05735967199996	98.2
75.06060106199993	98.23333333333333
75.06073513199999	98.26666666666667
75.06251802099996	98.3
75.06450613999993	98.33333333333333
75.06772536899996	98.36666666666666
75.06800260699993	98.4
75.07435534299998	98.43333333333334
75.09901126599993	98.46666666666667
75.11958885599995	98.5
75.12199519699993	98.53333333333333
75.12507166099999	98.56666666666666
75.13031742299995	98.6
75.16132209299997	98.63333333333334
75.16407542399998	98.66666666666667
75.17617061499993	98.7
75.18278149100001	98.73333333333333
75.18661085499991	98.76666666666667
75.26318993199993	98.8
75.28112093799996	98.83333333333333
75.30055720299993	98.86666666666666
75.30349756999999	98.9
75.30603117700002	98.93333333333334
75.309142813	98.96666666666667
75.31336843899999	99.0
75.31444929999998	99.03333333333333
75.32114745299998	99.06666666666666
75.32440286099995	99.1
75.339295644	99.13333333333334
75.36701277099996	99.16666666666667
75.382442879	99.2
75.383671532	99.23333333333333
75.39503099599995	99.26666666666667
75.39660564999997	99.3
75.39974801199992	99.33333333333333
75.41722391799999	99.36666666666666
75.41972802499993	99.4
75.433344272	99.43333333333334
75.44242857699999	99.46666666666667
75.446097216	99.5
75.44650380600001	99.53333333333333
75.45100420699998	99.56666666666666
75.46843456199997	99.6
75.47040002899996	99.63333333333334
75.476655703	99.66666666666667
75.48377709599993	99.7
75.48650477899992	99.73333333333333
75.51562569700002	99.76666666666667
75.53263705199993	99.8
75.54638578200002	99.83333333333333
75.54826282099998	99.86666666666666
75.57325518699997	99.9
75.61363891199994	99.93333333333334
75.93311701300001	99.96666666666667
75.98631940799999	100
